Date,Open,High,Low,Close,Volume,Adj Close
2016-01-20,2.65,2.65,2.55,2.61,8300,2.61
2016-01-19,2.76,2.76,2.67,2.67,3100,2.67
2016-01-15,2.67,2.78,2.59,2.73,19600,2.73
2016-01-14,2.62,2.79,2.61,2.79,11500,2.79
2016-01-13,2.78,2.78,2.56,2.63,5000,2.63
2016-01-12,2.65,2.83,2.58,2.65,13400,2.65
2016-01-11,2.74,2.74,2.61,2.64,10400,2.64
2016-01-08,2.75,2.80,2.70,2.72,39200,2.72
2016-01-07,2.80,2.82,2.73,2.75,18700,2.75
2016-01-06,2.80,2.92,2.77,2.78,36200,2.78
2016-01-05,2.77,2.87,2.77,2.82,10800,2.82
2016-01-04,2.75,2.85,2.60,2.81,30000,2.81
2015-12-31,2.63,2.77,2.61,2.76,62700,2.76
2015-12-30,2.63,2.70,2.60,2.69,35500,2.69
2015-12-29,2.65,2.69,2.59,2.64,36000,2.64
2015-12-28,2.61,2.82,2.61,2.69,38900,2.69
2015-12-24,2.71,2.85,2.59,2.77,17900,2.77
2015-12-23,2.83,2.83,2.72,2.73,45200,2.73
2015-12-22,2.85,2.87,2.80,2.85,71400,2.85
2015-12-21,2.82,2.90,2.78,2.87,36200,2.87
2015-12-18,2.80,2.95,2.66,2.92,130000,2.92
2015-12-17,2.60,2.94,2.50,2.77,75300,2.77
2015-12-16,2.46,2.58,2.35,2.52,75600,2.52
2015-12-15,2.33,2.46,2.33,2.42,50300,2.42
2015-12-14,2.44,2.44,2.28,2.31,29500,2.31
2015-12-11,2.46,2.47,2.27,2.29,115600,2.29
2015-12-10,2.46,2.47,2.40,2.47,14100,2.47
2015-12-09,2.42,2.49,2.41,2.43,18100,2.43
2015-12-08,2.40,2.49,2.38,2.45,39900,2.45
2015-12-07,2.48,2.49,2.35,2.36,19100,2.36
2015-12-04,2.42,2.44,2.37,2.40,63600,2.40
2015-12-03,2.47,2.50,2.40,2.40,16000,2.40
2015-12-02,2.54,2.54,2.40,2.40,11300,2.40
2015-12-01,2.50,2.50,2.40,2.40,29500,2.40
2015-11-30,2.49,2.51,2.46,2.49,5100,2.49
2015-11-27,2.50,2.50,2.40,2.46,9700,2.46
2015-11-25,2.49,2.51,2.37,2.37,19100,2.37
2015-11-24,2.41,2.52,2.41,2.50,8100,2.50
2015-11-23,2.51,2.53,2.40,2.40,24400,2.40
2015-11-20,2.43,2.49,2.41,2.48,3800,2.48
2015-11-19,2.54,2.55,2.43,2.45,15900,2.45
2015-11-18,2.55,2.55,2.41,2.41,19300,2.41
2015-11-17,2.49,2.55,2.41,2.55,5300,2.55
2015-11-16,2.52,2.53,2.40,2.44,3900,2.44
2015-11-13,2.51,2.55,2.47,2.55,11500,2.55
2015-11-12,2.50,2.59,2.50,2.56,8900,2.56
2015-11-11,2.60,2.60,2.51,2.54,5100,2.54
2015-11-10,2.48,2.61,2.48,2.60,14500,2.60
2015-11-09,2.50,2.54,2.46,2.50,15100,2.50
2015-11-06,2.56,2.58,2.56,2.58,600,2.58
2015-11-05,2.57,2.57,2.52,2.53,10000,2.53
2015-11-04,2.60,2.60,2.50,2.53,3700,2.53
2015-11-03,2.70,2.77,2.51,2.59,4600,2.59
2015-11-02,2.51,2.60,2.51,2.60,3000,2.60
2015-10-30,2.60,2.60,2.50,2.50,12200,2.50
2015-10-29,2.57,2.58,2.57,2.58,600,2.58
2015-10-28,2.63,2.65,2.50,2.51,9300,2.51
2015-10-27,2.59,2.59,2.50,2.51,18600,2.51
2015-10-26,2.52,2.58,2.51,2.51,9100,2.51
2015-10-23,2.57,2.59,2.55,2.55,13000,2.55
2015-10-22,2.63,2.63,2.55,2.57,12500,2.57
2015-10-21,2.52,2.69,2.52,2.55,34400,2.55
2015-10-20,2.59,2.63,2.50,2.59,12700,2.59
2015-10-19,2.72,2.72,2.52,2.59,13800,2.59
2015-10-16,2.57,2.84,2.55,2.84,14000,2.84
2015-10-15,2.63,2.63,2.51,2.57,95000,2.57
2015-10-14,2.64,2.69,2.61,2.61,9000,2.61
2015-10-13,2.62,2.72,2.62,2.71,2600,2.71
2015-10-12,2.68,2.80,2.59,2.69,26500,2.69
2015-10-09,2.62,2.73,2.59,2.69,46700,2.69
2015-10-08,2.61,2.80,2.59,2.69,13600,2.69
2015-10-07,2.63,2.79,2.57,2.60,28800,2.60
2015-10-06,2.63,2.74,2.61,2.71,2500,2.71
2015-10-05,2.63,2.71,2.60,2.70,5700,2.70
2015-10-02,2.61,2.71,2.61,2.71,4500,2.71
2015-10-01,2.61,2.77,2.60,2.69,5500,2.69
2015-09-30,2.65,2.72,2.52,2.71,14600,2.71
2015-09-29,2.63,2.72,2.62,2.68,2500,2.68
2015-09-28,2.60,2.79,2.60,2.69,3700,2.69
2015-09-25,2.88,2.88,2.60,2.60,4100,2.60
2015-09-24,2.56,2.90,2.56,2.65,28900,2.65
2015-09-23,2.71,2.77,2.69,2.70,3000,2.70
2015-09-22,2.66,2.68,2.66,2.67,3500,2.67
2015-09-21,2.74,2.95,2.66,2.66,14300,2.66
2015-09-18,2.84,2.84,2.69,2.80,19600,2.80
2015-09-17,2.70,2.89,2.69,2.69,9500,2.69
2015-09-16,2.66,2.79,2.65,2.67,36100,2.67
2015-09-15,2.65,2.77,2.65,2.70,4600,2.70
2015-09-14,2.71,2.73,2.61,2.64,11900,2.64
2015-09-11,2.68,2.89,2.68,2.70,6800,2.70
2015-09-10,2.72,2.82,2.60,2.67,14100,2.67
2015-09-09,2.72,2.87,2.60,2.71,23700,2.71
2015-09-08,2.70,2.73,2.64,2.70,29000,2.70
2015-09-04,2.74,2.81,2.72,2.72,3700,2.72
2015-09-03,2.85,2.85,2.79,2.79,4000,2.79
2015-09-02,2.85,2.89,2.78,2.79,21500,2.79
2015-09-01,2.84,2.85,2.78,2.84,4100,2.84
2015-08-31,2.87,2.90,2.78,2.79,8700,2.79
2015-08-28,2.81,2.93,2.74,2.78,4800,2.78
2015-08-27,2.80,2.92,2.79,2.79,2100,2.79
2015-08-26,2.82,3.10,2.73,2.85,6700,2.85
2015-08-25,2.94,2.94,2.70,2.71,8300,2.71
2015-08-24,2.83,2.88,2.80,2.82,16600,2.82
2015-08-21,2.93,2.94,2.85,2.92,10700,2.92
2015-08-20,2.95,2.95,2.92,2.92,12600,2.92
2015-08-19,2.95,3.03,2.93,2.94,8800,2.94
2015-08-18,3.00,3.05,2.88,2.92,12900,2.92
2015-08-17,2.99,3.02,2.99,2.99,6800,2.99
2015-08-14,3.05,3.05,2.90,2.96,12300,2.96
2015-08-13,3.05,3.14,3.05,3.05,3700,3.05
2015-08-12,3.09,3.13,3.05,3.05,7300,3.05
2015-08-11,3.10,3.15,3.05,3.14,14900,3.14
2015-08-10,3.08,3.10,3.04,3.05,7500,3.05
2015-08-07,3.04,3.17,3.00,3.11,2700,3.11
2015-08-06,2.86,3.27,2.86,3.07,20300,3.07
2015-08-05,3.04,3.05,3.02,3.03,8100,3.03
2015-08-04,3.00,3.02,3.00,3.02,1700,3.02
2015-08-03,2.98,3.05,2.98,3.00,4200,3.00
2015-07-31,2.99,3.03,2.98,2.98,5300,2.98
2015-07-30,3.08,3.08,2.95,2.98,7400,2.98
2015-07-29,3.04,3.33,3.04,3.06,9000,3.06
2015-07-28,3.09,3.33,3.09,3.20,11400,3.20
2015-07-27,3.23,3.39,3.23,3.34,700,3.34
2015-07-24,3.40,3.40,3.24,3.24,7100,3.24
2015-07-23,3.32,3.37,3.32,3.35,3300,3.35
2015-07-22,3.27,3.36,3.27,3.32,2100,3.32
2015-07-21,3.23,3.38,3.16,3.21,9000,3.21
2015-07-20,3.10,3.39,3.07,3.36,18000,3.36
2015-07-17,3.13,3.13,3.02,3.12,13100,3.12
2015-07-16,3.07,3.12,3.07,3.11,11500,3.11
2015-07-15,2.83,3.03,2.83,3.02,1500,3.02
2015-07-14,2.99,3.01,2.93,2.93,5300,2.93
2015-07-13,3.11,3.11,2.94,3.02,2500,3.02
2015-07-10,2.89,3.13,2.89,3.00,11900,3.00
2015-07-09,3.09,3.13,3.00,3.00,17400,3.00
2015-07-08,3.07,3.24,3.06,3.08,10300,3.08
2015-07-07,3.20,3.20,3.09,3.18,5800,3.18
2015-07-06,3.33,3.33,3.25,3.25,1400,3.25
2015-07-02,3.21,3.40,3.13,3.27,15800,3.27
2015-07-01,3.27,3.29,3.13,3.29,5500,3.29
2015-06-30,3.34,3.35,3.30,3.30,11200,3.30
2015-06-29,3.35,3.37,3.18,3.19,8900,3.19
2015-06-26,3.05,3.37,3.05,3.22,62100,3.22
2015-06-25,3.00,3.40,3.00,3.29,39200,3.29
2015-06-24,3.04,3.12,2.96,2.96,23100,2.96
2015-06-23,3.25,3.26,3.00,3.02,31900,3.02
2015-06-22,2.92,3.28,2.92,3.25,6200,3.25
2015-06-19,3.00,3.16,2.99,3.08,14300,3.08
2015-06-18,3.32,3.34,2.94,3.01,20400,3.01
2015-06-17,3.17,3.31,3.05,3.07,6900,3.07
2015-06-16,3.11,3.12,3.05,3.07,29800,3.07
2015-06-15,3.18,3.20,3.11,3.11,8600,3.11
2015-06-12,3.18,3.32,3.18,3.20,9300,3.20
2015-06-11,3.25,3.30,3.20,3.20,9400,3.20
2015-06-10,3.23,3.37,3.21,3.22,18600,3.22
2015-06-09,3.21,3.25,3.20,3.21,4100,3.21
2015-06-08,3.20,3.30,3.20,3.21,21200,3.21
2015-06-05,3.26,3.30,3.26,3.30,1400,3.30
2015-06-04,3.27,3.34,3.26,3.26,3200,3.26
2015-06-03,3.35,3.44,3.34,3.37,3800,3.37
2015-06-02,3.43,3.50,3.31,3.35,3100,3.35
2015-06-01,3.38,3.42,3.36,3.42,6600,3.42
2015-05-29,3.44,3.44,3.28,3.30,22200,3.30
2015-05-28,3.49,3.50,3.44,3.44,14200,3.44
2015-05-27,3.51,3.62,3.46,3.47,22500,3.47
2015-05-26,3.65,3.65,3.50,3.51,4600,3.51
2015-05-22,3.55,3.64,3.55,3.60,10200,3.60
2015-05-21,3.52,3.55,3.50,3.55,5100,3.55
2015-05-20,3.62,3.62,3.35,3.50,38900,3.50
2015-05-19,3.60,3.78,3.60,3.63,5400,3.63
2015-05-18,3.64,3.77,3.60,3.62,4900,3.62
2015-05-15,3.62,3.64,3.60,3.63,2600,3.63
2015-05-14,3.65,3.72,3.59,3.59,23000,3.59
2015-05-13,3.70,3.73,3.60,3.70,17800,3.70
2015-05-12,3.79,3.79,3.71,3.71,1800,3.71
2015-05-11,3.68,3.77,3.56,3.71,5800,3.71
2015-05-08,3.63,3.77,3.62,3.65,12900,3.65
2015-05-07,3.70,3.80,3.42,3.63,24600,3.63
2015-05-06,4.00,4.00,3.73,3.80,21700,3.80
2015-05-05,4.00,4.00,3.95,3.96,4200,3.96
2015-05-04,3.99,4.00,3.95,4.00,11300,4.00
2015-05-01,3.89,4.05,3.88,4.00,31800,4.00
2015-04-30,4.00,4.01,3.78,3.88,45600,3.88
2015-04-29,3.79,4.00,3.79,3.93,15700,3.93
2015-04-28,3.90,3.90,3.78,3.78,5900,3.78
2015-04-27,3.80,3.92,3.79,3.80,10800,3.80
2015-04-24,3.87,3.87,3.87,3.87,6000,3.87
2015-04-23,3.85,3.92,3.79,3.88,5600,3.88
2015-04-22,3.85,3.85,3.75,3.85,7000,3.85
2015-04-21,3.84,3.84,3.80,3.81,3600,3.81
2015-04-20,3.84,3.84,3.76,3.76,1700,3.76
2015-04-17,3.74,3.74,3.68,3.74,3100,3.74
2015-04-16,3.72,3.92,3.72,3.86,8000,3.86
2015-04-15,3.66,3.89,3.66,3.81,19200,3.81
2015-04-14,3.67,3.75,3.64,3.71,11400,3.71
2015-04-13,3.67,3.84,3.67,3.77,17100,3.77
2015-04-10,3.82,3.84,3.78,3.80,4900,3.80
2015-04-09,3.73,3.90,3.70,3.88,20300,3.88
2015-04-08,3.75,3.90,3.75,3.90,6400,3.90
2015-04-07,3.68,3.78,3.68,3.74,13900,3.74
2015-04-06,3.73,3.81,3.67,3.68,75900,3.68
2015-04-02,3.79,3.86,3.66,3.79,51800,3.79
2015-04-01,3.76,3.80,3.73,3.78,5500,3.78
2015-03-31,3.73,3.83,3.73,3.80,12100,3.80
2015-03-30,3.83,3.93,3.76,3.89,2200,3.89
2015-03-27,3.75,3.83,3.75,3.83,5200,3.83
2015-03-26,3.85,3.87,3.72,3.77,35200,3.77
2015-03-25,3.89,3.97,3.80,3.85,51700,3.85
2015-03-24,3.80,4.24,3.67,3.89,82800,3.89
2015-03-23,3.72,3.72,3.50,3.59,115000,3.59
2015-03-20,3.80,3.85,3.72,3.74,21700,3.74
2015-03-19,3.87,3.92,3.76,3.90,35100,3.90
2015-03-18,3.80,3.85,3.69,3.85,13600,3.85
2015-03-17,3.82,3.84,3.70,3.79,18200,3.79
2015-03-16,3.80,3.84,3.75,3.82,9500,3.82
2015-03-13,3.89,3.90,3.73,3.78,11200,3.78
2015-03-12,3.88,3.88,3.76,3.87,5500,3.87
2015-03-11,3.82,3.92,3.80,3.81,7300,3.81
2015-03-10,3.86,3.86,3.77,3.79,2100,3.79
2015-03-09,3.81,3.94,3.80,3.87,16700,3.87
2015-03-06,3.70,3.82,3.65,3.79,36500,3.79
2015-03-05,4.07,4.07,3.65,3.74,38600,3.74
2015-03-04,4.34,4.34,3.99,4.07,4200,4.07
2015-03-03,3.93,4.30,3.93,4.19,4600,4.19
2015-03-02,4.08,4.35,3.92,4.21,26500,4.21
2015-02-27,3.97,4.19,3.96,4.19,8700,4.19
2015-02-26,4.13,4.16,4.07,4.15,4400,4.15
2015-02-25,4.22,4.25,4.10,4.12,24400,4.12
2015-02-24,4.26,4.26,4.15,4.25,5200,4.25
2015-02-23,4.36,4.36,4.18,4.32,14500,4.32
2015-02-20,4.40,4.40,4.36,4.40,4000,4.40
2015-02-19,4.42,4.45,4.34,4.42,24400,4.42
2015-02-18,4.29,4.42,4.29,4.42,36400,4.42
2015-02-17,4.27,4.27,4.16,4.27,25300,4.27
2015-02-13,4.11,4.27,4.11,4.24,25700,4.24
2015-02-12,3.94,4.15,3.94,4.05,45500,4.05
2015-02-11,3.89,3.94,3.88,3.91,12200,3.91
2015-02-10,3.89,3.89,3.80,3.87,18500,3.87
2015-02-09,3.76,3.89,3.76,3.89,16600,3.89
2015-02-06,3.78,3.87,3.68,3.76,11000,3.76
2015-02-05,3.82,3.92,3.76,3.78,44500,3.78
2015-02-04,3.90,3.94,3.73,3.74,20800,3.74
2015-02-03,3.93,3.94,3.90,3.94,10000,3.94
2015-02-02,3.97,3.97,3.80,3.86,31700,3.86
2015-01-30,3.84,3.94,3.78,3.94,7000,3.94
2015-01-29,3.79,3.84,3.75,3.84,13100,3.84
2015-01-28,3.76,3.82,3.74,3.82,18100,3.82
2015-01-27,3.55,3.77,3.55,3.76,16200,3.76
2015-01-26,3.30,3.60,3.25,3.60,40900,3.60
2015-01-23,3.24,3.33,3.24,3.26,16600,3.26
2015-01-22,3.09,3.28,3.09,3.24,32700,3.24
2015-01-21,3.02,3.15,3.02,3.07,19700,3.07
2015-01-20,3.05,3.12,2.95,3.04,15300,3.04
2015-01-16,2.99,3.11,2.99,3.00,14000,3.00
2015-01-15,3.18,3.18,2.97,2.98,22000,2.98
2015-01-14,3.19,3.21,3.11,3.13,4200,3.13
2015-01-13,3.21,3.28,3.10,3.20,35000,3.20
2015-01-12,3.25,3.26,3.11,3.19,23000,3.19
2015-01-09,3.40,3.40,3.13,3.26,12100,3.26
2015-01-08,3.15,3.38,3.03,3.38,47500,3.38
2015-01-07,3.17,3.18,3.05,3.11,14300,3.11
2015-01-06,3.26,3.26,3.00,3.05,44100,3.05
2015-01-05,3.29,3.40,3.25,3.26,32600,3.26
2015-01-02,3.20,3.37,3.10,3.25,40600,3.25
2014-12-31,2.95,3.20,2.95,3.18,56400,3.18
2014-12-30,2.82,3.05,2.81,2.92,62000,2.92
2014-12-29,2.88,3.05,2.82,2.82,203900,2.82
2014-12-26,2.87,2.98,2.86,2.92,49100,2.92
2014-12-24,2.96,2.97,2.81,2.87,18600,2.87
2014-12-23,3.00,3.00,2.88,2.93,43000,2.93
2014-12-22,2.77,3.05,2.76,3.01,56100,3.01
2014-12-19,2.86,2.92,2.78,2.78,43400,2.78
2014-12-18,2.85,2.95,2.85,2.88,48500,2.88
2014-12-17,2.91,2.91,2.81,2.84,85700,2.84
2014-12-16,2.80,2.93,2.78,2.89,44500,2.89
2014-12-15,2.68,2.82,2.68,2.79,78100,2.79
2014-12-12,2.78,2.97,2.70,2.70,148700,2.70
2014-12-11,2.80,2.90,2.75,2.82,593100,2.82
2014-12-10,2.77,2.86,2.75,2.76,89400,2.76
2014-12-09,2.64,2.75,2.61,2.72,56600,2.72
2014-12-08,2.89,2.92,2.62,2.70,168300,2.70
2014-12-05,2.84,2.89,2.74,2.89,79900,2.89
2014-12-04,2.85,2.91,2.75,2.86,164800,2.86
2014-12-03,2.85,3.01,2.85,2.93,115600,2.93
2014-12-02,2.93,2.96,2.85,2.87,140200,2.87
2014-12-01,2.92,3.00,2.83,2.95,99400,2.95
2014-11-28,3.00,3.07,2.92,2.94,71500,2.94
2014-11-26,2.94,3.04,2.90,2.97,55400,2.97
2014-11-25,2.95,2.99,2.92,2.92,86100,2.92
2014-11-24,2.94,2.99,2.92,2.95,73500,2.95
2014-11-21,2.99,3.02,2.90,2.91,93200,2.91
2014-11-20,2.98,3.03,2.92,2.98,66500,2.98
2014-11-19,3.01,3.05,2.95,2.97,49000,2.97
2014-11-18,2.94,3.05,2.90,3.05,36600,3.05
2014-11-17,2.88,2.96,2.88,2.96,76600,2.96
2014-11-14,3.03,3.03,2.86,2.89,74400,2.89
2014-11-13,3.05,3.07,2.95,3.00,58000,3.00
2014-11-12,2.81,3.07,2.81,3.02,265100,3.02
2014-11-11,2.90,2.90,2.76,2.83,27900,2.83
2014-11-10,2.76,2.91,2.75,2.90,23300,2.90
2014-11-07,2.92,2.94,2.73,2.86,83300,2.86
2014-11-06,2.91,2.94,2.90,2.91,82300,2.91
2014-11-05,2.89,2.93,2.86,2.88,66100,2.88
2014-11-04,2.80,2.98,2.79,2.89,116900,2.89
2014-11-03,2.80,2.80,2.75,2.79,31400,2.79
2014-10-31,2.71,2.79,2.71,2.79,21100,2.79
2014-10-30,2.65,2.72,2.65,2.68,49400,2.68
2014-10-29,2.65,2.71,2.62,2.66,55500,2.66
2014-10-28,2.62,2.73,2.62,2.69,96800,2.69
2014-10-27,2.71,2.71,2.56,2.61,71400,2.61
2014-10-24,2.79,2.79,2.73,2.76,32800,2.76
2014-10-23,2.79,2.79,2.74,2.74,41300,2.74
2014-10-22,2.78,2.80,2.65,2.71,93900,2.71
2014-10-21,2.55,2.75,2.55,2.72,169600,2.72
2014-10-20,2.45,2.57,2.38,2.55,66100,2.55
2014-10-17,2.60,2.67,2.45,2.45,139800,2.45
2014-10-16,2.74,2.74,2.58,2.58,140400,2.58
2014-10-15,2.70,2.86,2.67,2.67,163800,2.67
2014-10-14,2.68,2.77,2.63,2.72,183800,2.72
2014-10-13,2.74,2.85,2.65,2.68,171600,2.68
2014-10-10,2.79,2.84,2.74,2.82,172500,2.82
2014-10-09,2.82,2.82,2.75,2.76,101500,2.76
2014-10-08,3.00,3.00,2.75,2.84,789400,2.84
2014-10-07,4.00,4.00,2.57,2.77,694200,2.77
2014-10-06,5.10,5.12,5.06,5.07,17400,5.07
2014-10-03,5.31,5.31,5.11,5.12,31300,5.12
2014-10-02,5.16,5.24,5.15,5.19,2700,5.19
2014-10-01,5.22,5.31,5.12,5.14,8800,5.14
2014-09-30,5.30,5.30,5.12,5.22,3300,5.22
2014-09-29,5.23,5.25,5.17,5.25,11900,5.25
2014-09-26,5.22,5.33,5.21,5.32,10600,5.32
2014-09-25,5.34,5.34,5.25,5.29,19000,5.29
2014-09-24,5.45,5.45,5.25,5.26,9300,5.26
2014-09-23,5.40,5.41,5.24,5.28,28600,5.28
2014-09-22,5.42,5.48,5.29,5.42,26300,5.42
2014-09-19,5.41,5.49,5.36,5.49,16400,5.49
2014-09-18,5.56,5.56,5.32,5.41,17400,5.41
2014-09-17,5.32,5.48,5.32,5.43,8000,5.43
2014-09-16,5.29,5.52,5.27,5.35,32600,5.35
2014-09-15,5.45,5.45,5.27,5.30,15700,5.30
2014-09-12,5.36,5.55,5.34,5.46,32300,5.46
2014-09-11,5.27,5.40,5.25,5.37,15400,5.37
2014-09-10,5.37,5.37,5.30,5.32,10000,5.32
2014-09-09,5.30,5.38,5.30,5.30,18800,5.30
2014-09-08,5.36,5.39,5.30,5.30,23100,5.30
2014-09-05,5.42,5.46,5.31,5.34,15900,5.34
2014-09-04,5.35,5.45,5.35,5.40,10100,5.40
2014-09-03,5.43,5.51,5.40,5.40,17800,5.40
2014-09-02,5.60,5.62,5.42,5.47,28400,5.47
2014-08-29,5.60,5.74,5.50,5.51,21300,5.51
2014-08-28,5.40,5.58,5.40,5.58,8500,5.58
2014-08-27,5.57,5.63,5.42,5.51,26000,5.51
2014-08-26,5.47,5.60,5.44,5.60,42400,5.60
2014-08-25,5.66,5.91,5.40,5.56,27800,5.56
2014-08-22,5.57,5.60,5.38,5.60,447400,5.60
2014-08-21,5.70,5.70,5.58,5.61,46700,5.61
2014-08-20,5.71,5.71,5.61,5.69,20200,5.69
2014-08-19,5.71,5.85,5.68,5.73,59000,5.73
2014-08-18,5.86,5.86,5.75,5.78,15100,5.78
2014-08-15,5.91,6.00,5.74,5.82,19200,5.82
2014-08-14,5.92,5.99,5.83,5.94,12800,5.94
2014-08-13,5.98,6.07,5.89,5.94,8300,5.94
2014-08-12,6.18,6.18,5.84,5.94,16900,5.94
2014-08-11,6.03,6.22,6.03,6.05,60500,6.05
2014-08-08,6.04,6.07,5.88,5.96,9300,5.96
2014-08-07,5.99,6.35,5.76,5.97,22800,5.97
2014-08-06,5.78,5.97,5.78,5.93,16700,5.93
2014-08-05,5.80,5.87,5.80,5.82,28300,5.82
2014-08-04,5.95,5.95,5.80,5.80,17000,5.80
2014-08-01,5.95,6.08,5.91,5.94,26200,5.94
2014-07-31,5.99,6.08,5.79,5.95,50400,5.95
2014-07-30,6.50,6.50,5.85,6.21,74400,6.21
2014-07-29,6.63,6.75,6.50,6.57,40400,6.57
2014-07-28,6.80,6.80,6.62,6.63,27100,6.63
2014-07-25,6.86,7.00,6.70,6.80,44000,6.80
2014-07-24,6.75,6.90,6.68,6.70,23400,6.70
2014-07-23,6.80,7.06,6.79,6.82,36300,6.82
2014-07-22,6.74,6.84,6.62,6.78,29400,6.78
2014-07-21,6.72,6.75,6.63,6.70,24400,6.70
2014-07-18,6.78,6.92,6.66,6.76,12400,6.76
2014-07-17,6.71,6.77,6.63,6.63,16900,6.63
2014-07-16,6.75,6.76,6.62,6.66,24800,6.66
2014-07-15,6.80,6.84,6.67,6.73,33700,6.73
2014-07-14,6.88,6.97,6.70,6.83,25400,6.83
2014-07-11,6.74,6.86,6.74,6.78,17700,6.78
2014-07-10,6.69,6.86,6.65,6.78,19500,6.78
2014-07-09,6.92,6.99,6.75,6.79,31000,6.79
2014-07-08,7.10,7.10,6.77,6.84,46300,6.84
2014-07-07,7.48,7.51,7.04,7.07,21900,7.07
2014-07-03,7.67,7.67,7.34,7.48,9500,7.48
2014-07-02,7.77,7.91,7.56,7.61,51000,7.61
2014-07-01,7.51,7.91,7.46,7.83,92300,7.83
2014-06-30,6.93,7.50,6.90,7.44,121300,7.44
2014-06-27,6.54,7.04,6.49,6.99,1575500,6.99
2014-06-26,6.65,6.68,6.51,6.59,40200,6.59
2014-06-25,6.59,6.72,6.42,6.67,92500,6.67
2014-06-24,6.97,6.97,6.51,6.60,80800,6.60
2014-06-23,7.00,7.21,6.80,6.93,87100,6.93
2014-06-20,6.89,7.03,6.80,6.98,109400,6.98
2014-06-19,6.86,6.89,6.76,6.85,34500,6.85
2014-06-18,6.91,6.98,6.85,6.89,37000,6.89
2014-06-17,6.91,6.97,6.81,6.89,35200,6.89
2014-06-16,6.99,7.07,6.79,6.89,48200,6.89
2014-06-13,7.09,7.18,6.93,6.97,50100,6.97
2014-06-12,7.33,7.33,7.01,7.05,58900,7.05
2014-06-11,7.31,7.47,7.13,7.37,49500,7.37
2014-06-10,7.40,7.43,7.22,7.36,34300,7.36
2014-06-09,7.16,7.49,6.75,7.47,64200,7.47
2014-06-06,6.81,7.27,6.63,7.20,57800,7.20
2014-06-05,6.65,6.81,6.61,6.75,23900,6.75
2014-06-04,6.61,6.70,6.57,6.62,22800,6.62
2014-06-03,6.64,6.82,6.52,6.67,46800,6.67
2014-06-02,6.68,6.74,6.51,6.72,36400,6.72
2014-05-30,6.75,6.75,6.57,6.69,38100,6.69
2014-05-29,6.80,6.81,6.67,6.72,19200,6.72
2014-05-28,6.88,6.88,6.66,6.77,24100,6.77
2014-05-27,6.80,6.97,6.74,6.86,26200,6.86
2014-05-23,6.50,6.98,6.45,6.87,39400,6.87
2014-05-22,6.59,6.60,6.45,6.47,46400,6.47
2014-05-21,6.77,6.82,6.51,6.60,29100,6.60
2014-05-20,6.56,6.99,6.56,6.75,51400,6.75
2014-05-19,6.76,7.05,6.71,7.02,26900,7.02
2014-05-16,6.75,7.21,6.70,6.89,28400,6.89
2014-05-15,6.42,6.88,6.36,6.77,58900,6.77
2014-05-14,6.87,7.16,6.43,6.46,40400,6.46
2014-05-13,6.60,7.01,6.45,6.86,77300,6.86
2014-05-12,6.47,6.72,6.42,6.60,42900,6.60
2014-05-09,6.30,6.45,6.13,6.40,42700,6.40
2014-05-08,6.47,6.55,6.25,6.34,39100,6.34
2014-05-07,6.50,6.85,6.35,6.45,28700,6.45
2014-05-06,6.52,6.55,6.33,6.46,86500,6.46
2014-05-05,6.51,6.62,6.51,6.53,51700,6.53
2014-05-02,6.50,6.55,6.46,6.53,39000,6.53
2014-05-01,6.70,6.70,6.44,6.51,56800,6.51
2014-04-30,6.63,6.82,6.50,6.73,178300,6.73
2014-04-29,6.76,6.92,6.58,6.64,63000,6.64
2014-04-28,7.00,7.23,6.70,6.70,106200,6.70
2014-04-25,7.12,7.16,7.00,7.01,62800,7.01
2014-04-24,7.22,7.25,6.99,7.19,95000,7.19
2014-04-23,7.09,7.33,7.06,7.08,41700,7.08
2014-04-22,7.28,7.44,7.15,7.39,58000,7.39
2014-04-21,7.13,7.35,6.96,7.25,28200,7.25
2014-04-17,7.07,7.18,6.93,7.13,50500,7.13
2014-04-16,7.02,7.17,6.85,7.11,109600,7.11
2014-04-15,7.27,7.27,6.70,6.93,136800,6.93
2014-04-14,7.41,7.48,7.22,7.27,68300,7.27
2014-04-11,7.30,7.50,7.30,7.36,37100,7.36
2014-04-10,7.43,7.75,7.30,7.37,75400,7.37
2014-04-09,7.59,7.73,7.35,7.57,32500,7.57
2014-04-08,7.82,7.82,7.41,7.53,100300,7.53
2014-04-07,7.61,7.65,7.52,7.59,65100,7.59
2014-04-04,7.71,7.77,7.57,7.62,54900,7.62
2014-04-03,7.65,7.72,7.52,7.63,55600,7.63
2014-04-02,7.73,7.79,7.67,7.70,31600,7.70
2014-04-01,7.57,7.89,7.57,7.68,41300,7.68
2014-03-31,7.54,7.73,7.52,7.53,71700,7.53
2014-03-28,7.45,7.64,7.45,7.50,48500,7.50
2014-03-27,7.51,7.52,7.45,7.46,24200,7.46
2014-03-26,7.80,7.80,7.51,7.57,48800,7.57
2014-03-25,7.74,7.74,7.53,7.72,15900,7.72
2014-03-24,7.73,7.73,7.52,7.67,19200,7.67
2014-03-21,7.65,7.76,7.52,7.69,35500,7.69
2014-03-20,7.45,7.95,7.45,7.59,25800,7.59
2014-03-19,7.54,7.59,7.50,7.53,14400,7.53
2014-03-18,7.65,7.71,7.42,7.59,19700,7.59
2014-03-17,7.49,7.85,7.49,7.62,35400,7.62
2014-03-14,7.35,7.63,7.26,7.34,49600,7.34
2014-03-13,7.73,7.73,7.37,7.39,48900,7.39
2014-03-12,7.84,7.85,7.66,7.77,31100,7.77
2014-03-11,8.18,8.18,7.71,7.90,42600,7.90
2014-03-10,7.92,8.05,7.83,8.04,21500,8.04
2014-03-07,8.01,8.01,7.85,7.91,14000,7.91
2014-03-06,7.99,7.99,7.84,7.94,22400,7.94
2014-03-05,8.02,8.04,7.89,7.93,23500,7.93
2014-03-04,7.92,8.38,7.92,8.06,76000,8.06
2014-03-03,7.85,7.87,7.75,7.87,38300,7.87
2014-02-28,8.00,8.06,7.86,7.89,21400,7.89
2014-02-27,7.99,8.06,7.92,7.99,19700,7.99
2014-02-26,8.00,8.18,7.90,7.99,23800,7.99
2014-02-25,8.28,8.34,7.92,8.03,23400,8.03
2014-02-24,8.41,8.45,8.27,8.37,39200,8.37
2014-02-21,8.32,8.46,8.30,8.36,64700,8.36
2014-02-20,8.02,8.32,7.99,8.26,37400,8.26
2014-02-19,8.31,8.31,7.87,7.96,45700,7.96
2014-02-18,8.17,8.39,8.02,8.30,34300,8.30
2014-02-14,8.03,8.20,7.92,8.11,42400,8.11
2014-02-13,8.37,8.37,7.89,8.09,134100,8.09
2014-02-12,8.28,8.50,7.99,8.42,113800,8.42
2014-02-11,7.76,8.82,7.55,8.34,327600,8.34
2014-02-10,6.87,6.96,6.65,6.84,29400,6.84
2014-02-07,6.65,6.92,6.61,6.82,23800,6.82
2014-02-06,6.42,6.71,6.42,6.66,427800,6.66
2014-02-05,6.32,6.53,6.30,6.40,33600,6.40
2014-02-04,6.58,6.73,6.27,6.30,77000,6.30
2014-02-03,6.81,7.07,6.56,6.58,44600,6.58
2014-01-31,6.76,6.95,6.76,6.80,35900,6.80
2014-01-30,6.92,7.05,6.75,6.96,25600,6.96
2014-01-29,6.80,7.22,6.80,6.83,21300,6.83
2014-01-28,7.02,7.25,6.75,6.91,49200,6.91
2014-01-27,7.15,7.45,6.85,6.99,19000,6.99
2014-01-24,7.45,7.58,7.04,7.10,32000,7.10
2014-01-23,7.39,7.71,7.39,7.40,19500,7.40
2014-01-22,7.40,7.56,7.13,7.34,18500,7.34
2014-01-21,7.47,7.72,7.39,7.39,20900,7.39
2014-01-17,7.43,7.52,7.38,7.41,12600,7.41
2014-01-16,7.67,7.69,7.43,7.46,24300,7.46
2014-01-15,7.67,7.68,7.50,7.59,14500,7.59
2014-01-14,7.56,7.75,7.54,7.65,14200,7.65
2014-01-13,7.32,7.81,7.32,7.52,34800,7.52
2014-01-10,6.95,7.45,6.95,7.31,74500,7.31
2014-01-09,7.06,7.06,6.83,6.87,22700,6.87
2014-01-08,7.05,7.14,6.99,7.01,13300,7.01
2014-01-07,7.02,7.23,7.01,7.05,17900,7.05
2014-01-06,7.11,7.14,6.82,7.01,19300,7.01
2014-01-03,7.12,7.30,7.07,7.08,19400,7.08
2014-01-02,7.28,7.40,7.10,7.12,21100,7.12
2013-12-31,7.06,7.41,7.06,7.29,31600,7.29
2013-12-30,7.03,7.28,6.90,7.07,43800,7.07
2013-12-27,7.10,7.15,6.95,7.07,75600,7.07
2013-12-26,7.27,7.45,7.09,7.10,124300,7.10
2013-12-24,7.10,7.28,7.01,7.26,27700,7.26
2013-12-23,7.01,7.21,6.89,7.10,20300,7.10
2013-12-20,6.83,7.10,6.78,7.01,63700,7.01
2013-12-19,6.75,6.87,6.73,6.80,8000,6.80
2013-12-18,6.74,6.89,6.73,6.89,16300,6.89
2013-12-17,6.93,7.09,6.70,6.71,26400,6.71
2013-12-16,6.67,7.01,6.67,6.95,30000,6.95
2013-12-13,6.71,6.79,6.62,6.62,13900,6.62
2013-12-12,6.77,6.83,6.63,6.67,28500,6.67
2013-12-11,6.98,7.02,6.70,6.78,17600,6.78
2013-12-10,6.94,7.03,6.92,6.99,18000,6.99
2013-12-09,7.07,7.07,6.92,7.04,39600,7.04
2013-12-06,6.93,7.10,6.82,7.04,20700,7.04
2013-12-05,7.09,7.17,6.80,6.84,484300,6.84
2013-12-04,7.32,7.37,6.89,7.19,36600,7.19
2013-12-03,7.16,7.42,6.90,7.36,41800,7.36
2013-12-02,7.13,7.70,6.87,7.23,11400,7.23
2013-11-29,7.85,7.85,7.50,7.70,26500,7.70
2013-11-27,7.45,7.88,7.23,7.75,31600,7.75
2013-11-26,7.21,7.50,6.98,7.48,21100,7.48
2013-11-25,7.21,7.29,6.96,7.22,30200,7.22
2013-11-22,6.93,7.18,6.76,7.18,23800,7.18
2013-11-21,6.82,6.91,6.60,6.91,21900,6.91
2013-11-20,6.77,6.85,6.65,6.78,13800,6.78
2013-11-19,7.00,7.07,6.57,6.76,48500,6.76
2013-11-18,7.28,7.32,6.86,6.95,42300,6.95
2013-11-15,7.21,7.29,7.18,7.28,20400,7.28
2013-11-14,7.34,7.41,7.15,7.23,9400,7.23
2013-11-13,7.29,7.32,7.15,7.32,14100,7.32
2013-11-12,7.41,7.42,7.32,7.37,6200,7.37
2013-11-11,7.46,7.46,7.26,7.37,12500,7.37
2013-11-08,7.26,7.50,7.14,7.49,15600,7.49
2013-11-07,7.61,7.69,7.21,7.26,25200,7.26
2013-11-06,7.67,7.70,7.53,7.61,6600,7.61
2013-11-05,7.61,7.75,7.60,7.64,5800,7.64
2013-11-04,7.77,7.98,7.59,7.68,17500,7.68
2013-11-01,7.85,7.95,7.75,7.78,32600,7.78
2013-10-31,7.99,7.99,7.81,7.88,12900,7.88
2013-10-30,8.05,8.07,7.75,7.96,19900,7.96
2013-10-29,7.96,8.07,7.88,8.07,16800,8.07
2013-10-28,7.97,8.01,7.89,7.98,14000,7.98
2013-10-25,8.05,8.05,7.90,8.00,8100,8.00
2013-10-24,7.95,8.05,7.75,8.04,20300,8.04
2013-10-23,7.82,7.97,7.82,7.97,9000,7.97
2013-10-22,7.87,7.89,7.75,7.88,12100,7.88
2013-10-21,7.92,7.99,7.70,7.89,37400,7.89
2013-10-18,7.81,7.95,7.63,7.94,46600,7.94
2013-10-17,7.75,7.88,7.60,7.74,24600,7.74
2013-10-16,8.00,8.00,7.60,7.79,31900,7.79
2013-10-15,7.86,8.00,7.65,7.94,34100,7.94
2013-10-14,7.74,7.97,7.63,7.90,28600,7.90
2013-10-11,7.85,8.00,7.60,8.00,28600,8.00
2013-10-10,7.59,7.90,7.41,7.89,18100,7.89
2013-10-09,7.22,7.59,7.22,7.51,15600,7.51
2013-10-08,7.42,7.48,7.22,7.22,28500,7.22
2013-10-07,7.47,7.62,7.32,7.45,22500,7.45
2013-10-04,7.72,7.86,7.60,7.63,13300,7.63
2013-10-03,7.76,7.85,7.59,7.66,16500,7.66
2013-10-02,7.74,7.90,7.64,7.76,19400,7.76
2013-10-01,7.99,8.04,7.70,7.76,13700,7.76
2013-09-30,7.92,8.15,7.62,7.96,30300,7.96
2013-09-27,7.75,8.01,7.35,7.87,12000,7.87
2013-09-26,7.90,8.10,7.70,7.78,24200,7.78
2013-09-25,8.00,8.05,7.92,7.94,11100,7.94
2013-09-24,7.83,8.14,7.76,8.03,29600,8.03
2013-09-23,7.93,7.98,7.76,7.81,17100,7.81
2013-09-20,8.11,8.11,7.89,7.96,39000,7.96
2013-09-19,8.21,8.21,8.10,8.11,14100,8.11
2013-09-18,8.16,8.22,8.05,8.20,27600,8.20
2013-09-17,8.05,8.20,7.71,8.20,26200,8.20
2013-09-16,8.06,8.10,7.92,8.05,39800,8.05
2013-09-13,8.15,8.20,7.78,7.91,24400,7.91
2013-09-12,8.09,8.23,8.02,8.12,10600,8.12
2013-09-11,8.15,8.24,7.89,8.12,15100,8.12
2013-09-10,8.32,8.32,7.95,8.20,19600,8.20
2013-09-09,8.18,8.41,8.17,8.32,42600,8.32
2013-09-06,8.18,8.18,8.05,8.17,32400,8.17
2013-09-05,8.10,8.18,8.03,8.14,39500,8.14
2013-09-04,7.86,8.08,7.71,8.08,27500,8.08
2013-09-03,7.52,7.84,7.46,7.84,25600,7.84
2013-08-30,7.64,7.64,7.42,7.49,40500,7.49
2013-08-29,7.31,7.74,7.31,7.62,57100,7.62
2013-08-28,7.60,7.68,7.32,7.33,45600,7.33
2013-08-27,7.75,7.89,7.51,7.59,29300,7.59
2013-08-26,7.93,7.94,7.75,7.81,18900,7.81
2013-08-23,7.73,7.98,7.73,7.93,11800,7.93
2013-08-22,7.73,7.75,7.65,7.73,15000,7.73
2013-08-21,7.60,7.73,7.57,7.65,32200,7.65
2013-08-20,7.57,7.78,7.57,7.61,29700,7.61
2013-08-19,7.99,8.09,7.59,7.59,24600,7.59
2013-08-16,8.02,8.13,7.95,8.10,41200,8.10
2013-08-15,8.05,8.07,7.95,8.06,73000,8.06
2013-08-14,8.09,8.13,8.00,8.11,45100,8.11
2013-08-13,8.09,8.12,8.02,8.12,60100,8.12
2013-08-12,8.07,8.11,8.05,8.11,48100,8.11
2013-08-09,8.02,8.12,8.01,8.07,64100,8.07
2013-08-08,8.14,8.14,7.94,8.07,46700,8.07
2013-08-07,8.09,8.11,7.90,8.07,46100,8.07
2013-08-06,8.14,8.19,8.00,8.06,37700,8.06
2013-08-05,7.89,8.14,7.87,8.13,79700,8.13
2013-08-02,7.57,7.95,7.57,7.87,50400,7.87
2013-08-01,7.80,8.00,7.20,7.63,59900,7.63
2013-07-31,7.99,8.01,7.70,7.71,44400,7.71
2013-07-30,8.06,8.09,7.68,7.82,36900,7.82
2013-07-29,7.94,8.16,7.86,8.05,60100,8.05
2013-07-26,7.98,7.99,7.89,7.94,38800,7.94
2013-07-25,7.88,7.99,7.82,7.96,50400,7.96
2013-07-24,7.92,7.99,7.83,7.87,28900,7.87
2013-07-23,7.85,7.99,7.74,7.88,67800,7.88
2013-07-22,7.64,7.85,7.62,7.84,50400,7.84
2013-07-19,7.58,7.73,7.51,7.68,43500,7.68
2013-07-18,7.71,7.75,7.48,7.64,23300,7.64
2013-07-17,7.87,7.92,7.29,7.70,75800,7.70
2013-07-16,7.98,7.98,7.62,7.84,74900,7.84
2013-07-15,7.65,8.00,7.48,7.94,72100,7.94
2013-07-12,7.19,7.52,7.19,7.49,53500,7.49
2013-07-11,7.51,7.70,7.09,7.15,98500,7.15
2013-07-10,6.73,7.64,6.73,7.45,165300,7.45
2013-07-09,6.44,6.88,6.44,6.75,118200,6.75
2013-07-08,6.44,6.54,6.38,6.40,66000,6.40
2013-07-05,6.54,6.54,6.43,6.45,26200,6.45
2013-07-03,6.42,6.53,6.42,6.46,25900,6.46
2013-07-02,6.67,6.90,6.44,6.47,56700,6.47
2013-07-01,6.44,6.89,6.42,6.65,90300,6.65
2013-06-28,6.73,6.80,6.35,6.40,1514800,6.40
2013-06-27,6.95,7.01,6.56,6.72,62800,6.72
2013-06-26,6.82,7.05,6.46,6.71,78100,6.71
2013-06-25,6.81,6.97,6.43,6.80,26700,6.80
2013-06-24,6.41,6.75,6.28,6.70,43200,6.70
2013-06-21,6.58,7.23,6.32,6.55,31300,6.55
2013-06-20,6.65,6.85,6.35,6.44,27400,6.44
2013-06-19,7.03,7.03,6.61,6.61,21800,6.61
2013-06-18,6.98,7.02,6.72,6.93,17600,6.93
2013-06-17,6.91,7.00,6.90,6.92,23200,6.92
2013-06-14,7.03,7.05,6.88,6.96,20400,6.96
2013-06-13,6.93,7.10,6.89,6.97,25800,6.97
2013-06-12,7.07,7.08,6.84,6.96,42300,6.96
2013-06-11,7.20,7.30,6.91,7.08,67200,7.08
2013-06-10,7.11,7.50,7.06,7.30,40700,7.30
2013-06-07,7.01,7.16,6.93,7.03,17500,7.03
2013-06-06,6.80,7.29,6.80,7.00,50800,7.00
2013-06-05,7.26,7.28,6.67,6.89,56300,6.89
2013-06-04,7.43,7.47,7.18,7.21,29200,7.21
2013-06-03,7.70,7.90,7.16,7.49,49800,7.49
2013-05-31,7.62,7.70,7.58,7.69,19700,7.69
2013-05-30,7.63,7.93,7.50,7.63,30800,7.63
2013-05-29,7.62,7.85,7.61,7.66,28500,7.66
2013-05-28,8.02,8.02,7.62,7.74,35100,7.74
2013-05-24,7.85,7.98,7.72,7.89,14900,7.89
2013-05-23,7.70,7.96,7.70,7.95,14600,7.95
2013-05-22,7.84,7.96,7.63,7.75,33900,7.75
2013-05-21,7.84,8.00,7.74,7.82,27400,7.82
2013-05-20,7.89,7.97,7.61,7.90,22200,7.90
2013-05-17,7.97,8.06,7.88,7.99,17500,7.99
2013-05-16,7.75,8.10,7.72,7.97,55800,7.97
2013-05-15,7.71,7.90,7.53,7.85,42900,7.85
2013-05-14,7.85,7.86,7.70,7.78,22300,7.78
2013-05-13,7.92,7.95,7.66,7.89,25000,7.89
2013-05-10,8.16,8.19,7.65,7.94,60900,7.94
2013-05-09,8.42,8.50,8.14,8.22,15700,8.22
2013-05-08,8.47,8.53,8.20,8.53,36100,8.53
2013-05-07,8.44,8.75,8.44,8.61,30200,8.61
2013-05-06,8.47,8.56,8.28,8.44,27600,8.44
2013-05-03,8.67,8.93,8.45,8.56,45700,8.56
2013-05-02,8.36,8.73,8.21,8.52,24600,8.52
2013-05-01,8.90,8.90,8.10,8.25,116500,8.25
2013-04-30,9.00,9.15,8.79,8.79,154200,8.79
2013-04-29,8.67,9.12,8.67,8.99,69600,8.99
2013-04-26,9.25,9.25,8.81,9.03,92700,9.03
2013-04-25,8.60,9.22,8.07,9.05,199400,9.05
2013-04-24,9.19,9.19,8.52,8.68,93900,8.68
2013-04-23,8.93,9.17,8.78,9.14,89500,9.14
2013-04-22,8.13,9.18,8.00,8.62,113000,8.62
2013-04-19,8.04,8.15,7.91,8.00,38700,8.00
2013-04-18,8.03,8.05,7.85,7.89,35000,7.89
2013-04-17,8.04,8.04,7.84,7.95,67100,7.95
2013-04-16,8.00,8.18,7.80,7.99,40300,7.99
2013-04-15,7.81,8.18,7.69,7.89,58900,7.89
2013-04-12,7.95,7.95,7.72,7.79,54800,7.79
2013-04-11,7.99,8.05,7.69,7.89,99600,7.89
2013-04-10,7.76,7.80,7.59,7.68,89100,7.68
2013-04-09,8.09,8.10,7.53,7.86,392400,7.86
2013-04-08,6.90,8.25,6.75,7.86,524900,7.86
2013-04-05,5.51,7.40,5.51,7.02,258500,7.02
2013-04-04,5.51,5.70,5.25,5.52,140000,5.52
2013-04-03,4.90,5.76,4.75,5.44,24600,5.44
2013-04-02,4.56,4.90,4.56,4.90,4800,4.90
2013-04-01,4.96,4.96,4.60,4.81,39400,4.81
2013-03-28,4.72,4.93,4.72,4.93,15300,4.93
2013-03-27,4.69,4.77,4.68,4.77,25400,4.77
2013-03-26,4.55,4.72,4.50,4.69,2300,4.69
2013-03-25,4.75,4.77,4.52,4.77,6400,4.77
2013-03-22,4.55,4.80,4.55,4.70,16900,4.70
2013-03-21,4.63,4.63,4.63,4.63,000,4.63
2013-03-20,4.47,4.68,4.45,4.63,1500,4.63
2013-03-19,4.46,4.55,4.46,4.55,400,4.55
2013-03-18,4.57,4.57,4.45,4.53,5100,4.53
2013-03-15,4.80,4.80,4.42,4.53,17500,4.53
2013-03-14,4.80,4.80,4.64,4.78,1100,4.78
2013-03-13,4.60,4.84,4.42,4.53,14600,4.53
2013-03-12,4.69,4.74,4.64,4.74,2800,4.74
2013-03-11,4.47,4.79,4.47,4.75,10400,4.75
2013-03-08,4.74,4.80,4.59,4.75,12500,4.75
2013-03-07,4.76,4.79,4.42,4.62,10900,4.62
2013-03-06,4.73,4.75,4.73,4.74,6700,4.74
2013-03-05,4.51,4.70,4.46,4.66,12600,4.66
2013-03-04,4.56,4.56,4.44,4.48,600,4.48
2013-03-01,4.50,4.75,4.50,4.66,3800,4.66
2013-02-28,4.56,4.65,4.50,4.58,18300,4.58
2013-02-27,4.55,4.61,4.48,4.56,9100,4.56
2013-02-26,4.59,4.60,4.38,4.53,7500,4.53
2013-02-25,4.62,4.76,4.60,4.60,3700,4.60
2013-02-22,4.48,4.56,4.47,4.56,4900,4.56
2013-02-21,4.33,4.50,4.30,4.46,18900,4.46
2013-02-20,4.39,4.43,4.36,4.37,21000,4.37
2013-02-19,4.35,4.39,4.35,4.39,4100,4.39
2013-02-15,4.36,4.38,4.33,4.38,3500,4.38
2013-02-14,4.36,4.40,4.30,4.36,24800,4.36
2013-02-13,4.32,4.36,4.20,4.36,3100,4.36
2013-02-12,4.34,4.37,4.20,4.27,9500,4.27
2013-02-11,4.30,4.30,4.20,4.21,14600,4.21
2013-02-08,4.40,4.40,4.29,4.36,4800,4.36
2013-02-07,4.25,4.38,4.25,4.35,7700,4.35
2013-02-06,4.26,4.27,4.15,4.21,10200,4.21
2013-02-05,4.21,4.29,4.20,4.22,16500,4.22
2013-02-04,4.22,4.22,4.10,4.15,11000,4.15
2013-02-01,4.23,4.29,4.21,4.26,15200,4.26
2013-01-31,4.20,4.30,4.20,4.24,2300,4.24
2013-01-30,4.10,4.20,4.10,4.18,5300,4.18
2013-01-29,3.95,4.20,3.95,4.06,30700,4.06
2013-01-28,4.24,4.25,3.94,4.02,24500,4.02
2013-01-25,4.07,4.37,4.07,4.18,14100,4.18
2013-01-24,4.03,4.50,4.03,4.38,71100,4.38
2013-01-23,3.91,4.05,3.89,4.03,31200,4.03
2013-01-22,3.74,3.90,3.74,3.85,13400,3.85
2013-01-18,3.65,3.79,3.65,3.74,7400,3.74
2013-01-17,3.65,3.75,3.60,3.65,14700,3.65
2013-01-16,3.66,3.73,3.65,3.66,2000,3.66
2013-01-15,3.76,3.76,3.66,3.69,4400,3.69
2013-01-14,3.78,3.78,3.66,3.70,12200,3.70
2013-01-11,3.72,3.90,3.71,3.78,11600,3.78
2013-01-10,3.83,3.91,3.75,3.81,15500,3.81
2013-01-09,3.51,3.79,3.45,3.70,28600,3.70
2013-01-08,3.48,3.48,3.37,3.48,37200,3.48
2013-01-07,3.45,3.48,3.43,3.47,17400,3.47
2013-01-04,3.48,3.54,3.43,3.47,28800,3.47
2013-01-03,3.55,3.55,3.42,3.52,21400,3.52
2013-01-02,3.41,3.50,3.36,3.50,34600,3.50
2012-12-31,3.44,3.46,3.35,3.44,78500,3.44
2012-12-28,3.49,3.50,3.20,3.42,131300,3.42
2012-12-27,4.90,4.95,4.82,4.95,66800,3.45
2012-12-26,5.00,5.00,4.88,4.96,47400,3.45697
2012-12-24,4.88,4.98,4.75,4.94,37700,3.44303
2012-12-21,4.79,4.92,4.68,4.81,49900,3.352424
2012-12-20,4.59,4.86,4.48,4.80,84000,3.345455
2012-12-19,4.43,4.50,4.36,4.46,86900,3.108485
2012-12-18,4.42,4.55,4.32,4.55,93800,3.171212
2012-12-17,4.90,4.92,4.49,4.60,148300,3.20606
2012-12-14,4.92,5.13,4.70,4.70,99800,3.275757
2012-12-13,4.50,5.10,4.36,4.92,248400,3.429091
2012-12-12,4.99,5.34,4.99,5.10,194900,3.554545
2012-12-11,4.80,4.97,4.76,4.90,100700,3.415152
2012-12-10,5.36,5.41,4.56,4.73,176200,3.296667
2012-12-07,4.25,4.25,4.15,4.19,13800,2.920303
2012-12-06,4.24,4.29,4.15,4.29,6300,2.99
2012-12-05,4.14,4.24,4.13,4.24,3300,2.955151
2012-12-04,4.10,4.28,4.10,4.28,7000,2.98303
2012-12-03,4.35,4.35,4.05,4.22,5800,2.941212
2012-11-30,4.15,4.35,4.15,4.35,1600,3.031818
2012-11-29,4.22,4.28,4.05,4.18,11300,2.913333
2012-11-28,4.39,4.39,4.36,4.38,6600,3.052727
2012-11-27,4.34,4.36,4.34,4.36,2300,3.038788
2012-11-26,4.27,4.35,4.27,4.35,2200,3.031818
2012-11-23,4.20,4.20,4.20,4.20,600,2.927273
2012-11-21,4.19,4.30,4.19,4.30,1500,2.99697
2012-11-20,4.21,4.26,4.19,4.26,3000,2.969091
2012-11-19,4.30,4.30,4.20,4.26,4400,2.969091
2012-11-16,4.25,4.26,4.20,4.25,21700,2.962121
2012-11-15,4.20,4.20,4.20,4.20,200,2.927273
2012-11-14,4.23,4.24,4.23,4.23,3100,2.948182
2012-11-13,4.25,4.29,4.24,4.26,4200,2.969091
2012-11-12,4.23,4.27,4.23,4.27,600,2.976061
2012-11-09,4.28,4.35,4.27,4.30,5200,2.99697
2012-11-08,4.40,4.40,4.40,4.40,000,3.066667
2012-11-07,4.42,4.42,4.40,4.40,3600,3.066667
2012-11-06,4.31,4.60,4.31,4.49,43700,3.129394
2012-11-05,4.27,4.28,4.25,4.25,3800,2.962121
2012-11-02,4.19,4.27,4.17,4.27,8900,2.976061
2012-11-01,4.22,4.44,4.22,4.31,51300,3.003939
2012-10-31,4.15,4.30,4.15,4.26,141100,2.969091
2012-10-26,4.07,4.10,4.07,4.10,4200,2.857576
2012-10-25,4.11,4.15,4.07,4.07,14800,2.836667
2012-10-24,4.15,4.15,4.15,4.15,000,2.892424
2012-10-23,4.12,4.15,4.10,4.15,8100,2.892424
2012-10-22,4.15,4.20,4.14,4.20,3300,2.927273
2012-10-19,4.17,4.19,4.08,4.18,4500,2.913333
2012-10-18,4.20,4.20,4.20,4.20,000,2.927273
2012-10-17,4.20,4.20,4.20,4.20,000,2.927273
2012-10-16,4.15,4.20,4.15,4.20,102000,2.927273
2012-10-15,4.11,4.20,4.08,4.08,11700,2.843636
2012-10-12,4.15,4.15,4.08,4.08,1200,2.843636
2012-10-11,4.16,4.20,4.10,4.11,13500,2.864546
2012-10-10,4.15,4.20,4.08,4.08,3900,2.843636
2012-10-09,4.10,4.11,4.08,4.08,5700,2.843636
2012-10-08,4.10,4.10,4.10,4.10,300,2.857576
2012-10-05,4.07,4.10,4.03,4.10,1800,2.857576
2012-10-04,4.05,4.07,4.05,4.07,5900,2.836667
2012-10-03,4.02,4.05,4.00,4.00,8500,2.787879
2012-10-02,4.02,4.02,3.94,3.94,4500,2.746061
2012-10-01,4.02,4.02,3.94,3.98,8700,2.773939
2012-09-28,3.99,4.15,3.86,3.98,15300,2.773939
2012-09-27,3.99,4.05,3.99,3.99,9300,2.780909
2012-09-26,4.01,4.05,4.00,4.05,700,2.822727
2012-09-25,4.00,4.20,3.99,4.07,11000,2.836667
2012-09-24,4.06,4.09,4.03,4.06,2700,2.829697
2012-09-21,4.17,4.25,4.03,4.17,15800,2.906364
2012-09-20,4.25,4.34,4.12,4.15,19000,2.892424
2012-09-19,4.12,4.26,4.12,4.20,3300,2.927273
2012-09-18,4.23,4.23,4.23,4.23,200,2.948182
2012-09-17,4.15,4.29,4.15,4.29,1700,2.99
2012-09-14,4.07,4.18,4.06,4.17,800,2.906364
2012-09-13,4.06,4.35,4.06,4.15,3800,2.892424
2012-09-12,4.00,4.09,4.00,4.03,8200,2.808788
2012-09-11,4.25,4.38,4.09,4.26,2900,2.969091
2012-09-10,4.27,4.29,4.25,4.26,5900,2.969091
2012-09-07,4.30,4.50,4.18,4.18,6900,2.913333
2012-09-06,4.05,4.25,3.95,4.24,29600,2.955151
2012-09-05,3.86,4.01,3.80,3.80,6400,2.648485
2012-09-04,3.66,3.88,3.64,3.80,2600,2.648485
2012-08-31,3.70,4.03,3.65,3.86,13300,2.690303
2012-08-30,3.63,3.78,3.60,3.78,9400,2.634545
2012-08-29,3.54,3.76,3.54,3.71,13100,2.585758
2012-08-28,3.50,3.57,3.39,3.49,6800,2.432424
2012-08-27,3.50,3.66,3.50,3.65,6900,2.543939
2012-08-24,3.61,3.64,3.44,3.56,700,2.481212
2012-08-23,3.52,3.65,3.50,3.60,7800,2.509091
2012-08-22,3.37,3.60,3.36,3.50,8600,2.439394
2012-08-21,3.42,3.49,3.37,3.37,2300,2.348788
2012-08-20,3.38,3.38,3.38,3.38,000,2.355758
2012-08-17,3.31,3.38,3.31,3.38,10000,2.355758
2012-08-16,3.33,3.38,3.25,3.31,15400,2.30697
2012-08-15,3.30,3.50,3.30,3.50,800,2.439394
2012-08-14,3.38,3.48,3.30,3.38,1800,2.355758
2012-08-13,3.38,3.51,3.38,3.51,1400,2.446364
2012-08-10,3.40,3.41,3.32,3.41,1400,2.376667
2012-08-09,3.38,3.50,3.31,3.37,24100,2.348788
2012-08-08,3.46,3.49,3.28,3.38,13900,2.355758
2012-08-07,3.51,3.53,3.42,3.53,4300,2.460303
2012-08-06,3.48,3.61,3.44,3.48,19300,2.425455
2012-08-03,3.47,3.49,3.47,3.47,7900,2.418485
2012-08-02,3.48,3.58,3.45,3.45,42800,2.404545
2012-08-01,3.28,3.50,3.25,3.50,6600,2.439394
2012-07-31,3.44,3.46,3.23,3.46,10900,2.411515
2012-07-30,3.43,3.50,3.43,3.48,7400,2.425455
2012-07-27,3.50,3.50,3.41,3.48,9000,2.425455
2012-07-26,3.41,3.45,3.39,3.45,1000,2.404545
2012-07-25,3.41,3.45,3.39,3.39,5900,2.362727
2012-07-24,3.43,3.43,3.32,3.41,7700,2.376667
2012-07-23,3.33,3.50,3.33,3.41,9900,2.376667
2012-07-20,3.40,3.40,3.37,3.39,3700,2.362727
2012-07-19,3.35,3.40,3.32,3.40,27600,2.369697
2012-07-18,3.26,3.35,3.26,3.35,13300,2.334848
2012-07-17,3.34,3.36,3.26,3.29,4400,2.29303
2012-07-16,3.32,3.38,3.22,3.38,5300,2.355758
2012-07-13,3.31,3.31,3.24,3.24,1100,2.258182
2012-07-12,3.29,3.41,3.28,3.34,18800,2.327879
2012-07-11,3.31,3.37,3.21,3.25,5900,2.265151
2012-07-10,3.32,3.37,3.32,3.32,800,2.313939
2012-07-09,3.23,3.32,3.23,3.32,4300,2.313939
2012-07-06,3.37,3.40,3.36,3.38,400,2.355758
2012-07-05,3.33,3.40,3.26,3.39,14100,2.362727
2012-07-03,3.21,3.38,3.20,3.38,11700,2.355758
2012-07-02,3.29,3.31,3.23,3.25,4000,2.265151
2012-06-29,3.30,3.30,3.24,3.30,17700,2.30
2012-06-28,3.21,3.30,3.20,3.21,9900,2.237273
2012-06-27,3.28,3.42,3.25,3.25,6700,2.265151
2012-06-26,3.39,3.55,3.23,3.27,4600,2.279091
2012-06-25,3.24,3.51,3.24,3.41,11100,2.376667
2012-06-22,3.39,3.63,3.10,3.24,9500,2.258182
2012-06-21,3.53,3.57,3.32,3.32,10700,2.313939
2012-06-20,3.51,3.58,3.30,3.58,6600,2.495151
2012-06-19,3.36,3.64,3.36,3.43,6800,2.390606
2012-06-18,3.40,3.44,3.40,3.40,8100,2.369697
2012-06-15,3.49,3.50,3.41,3.41,17100,2.376667
2012-06-14,3.50,3.58,3.40,3.40,18900,2.369697
2012-06-13,3.49,3.49,3.49,3.49,000,2.432424
2012-06-12,3.36,3.56,3.33,3.49,16600,2.432424
2012-06-11,3.42,3.61,3.29,3.61,4000,2.516061
2012-06-08,3.38,3.64,3.33,3.42,3500,2.383636
2012-06-07,3.43,3.43,3.35,3.39,4000,2.362727
2012-06-06,3.34,3.54,3.33,3.40,11000,2.369697
2012-06-05,3.37,3.39,3.20,3.33,6300,2.320909
2012-06-04,3.31,3.36,3.31,3.35,23500,2.334848
2012-06-01,3.32,3.66,3.28,3.35,6700,2.334848
2012-05-31,3.54,3.63,3.53,3.53,5100,2.460303
2012-05-30,3.56,3.60,3.29,3.60,4600,2.509091
2012-05-29,3.65,3.65,3.54,3.54,8000,2.467273
2012-05-25,3.16,3.59,3.02,3.59,15700,2.502121
2012-05-24,3.12,3.18,3.05,3.13,4900,2.181515
2012-05-23,3.20,3.22,3.02,3.14,16000,2.188485
2012-05-22,3.33,3.42,3.20,3.20,8700,2.230303
2012-05-21,3.32,3.34,3.26,3.33,7000,2.320909
2012-05-18,3.33,3.89,3.29,3.50,7200,2.439394
2012-05-17,3.49,3.70,3.47,3.48,8500,2.425455
2012-05-16,3.72,3.72,3.51,3.51,2300,2.446364
2012-05-15,3.71,3.71,3.71,3.71,000,2.585758
2012-05-14,3.93,3.93,3.71,3.71,2100,2.585758
2012-05-11,3.82,3.85,3.70,3.70,3100,2.578788
2012-05-10,3.76,3.96,3.76,3.88,800,2.704242
2012-05-09,3.56,3.77,3.56,3.76,7800,2.620606
2012-05-08,3.68,3.68,3.52,3.60,11700,2.509091
2012-05-07,3.72,3.72,3.72,3.72,000,2.592727
2012-05-04,3.75,3.86,3.71,3.72,9700,2.592727
2012-05-03,3.95,4.01,3.75,3.75,27000,2.613636
2012-05-02,3.93,3.97,3.93,3.95,3800,2.75303
2012-05-01,4.05,4.08,3.96,4.06,6100,2.829697
2012-04-30,4.12,4.27,4.06,4.27,3100,2.976061
2012-04-27,4.07,4.19,4.07,4.16,1700,2.899394
2012-04-26,4.50,4.50,4.07,4.07,50600,2.836667
2012-04-25,4.40,4.75,4.26,4.72,20700,3.289697
2012-04-24,4.25,4.36,4.25,4.36,4000,3.038788
2012-04-23,4.26,4.27,4.25,4.25,1900,2.962121
2012-04-20,4.25,4.38,4.21,4.38,7100,3.052727
2012-04-19,4.28,4.32,4.20,4.25,16000,2.962121
2012-04-18,4.19,4.28,4.18,4.28,17200,2.98303
2012-04-17,4.22,4.22,4.20,4.20,1800,2.927273
2012-04-16,4.20,4.26,4.20,4.26,6100,2.969091
2012-04-13,4.19,4.25,4.18,4.18,2600,2.913333
2012-04-12,4.21,4.21,4.18,4.18,400,2.913333
2012-04-11,4.36,4.38,4.18,4.25,7600,2.962121
2012-04-10,4.36,4.36,4.14,4.20,4000,2.927273
2012-04-09,4.40,4.40,4.33,4.40,1400,3.066667
2012-04-05,4.19,4.38,4.19,4.35,1600,3.031818
2012-04-04,4.26,4.26,4.20,4.20,1100,2.927273
2012-04-03,4.31,4.32,4.11,4.20,6200,2.927273
2012-04-02,4.41,4.41,4.41,4.41,000,3.073636
2012-03-30,4.42,4.42,4.31,4.41,600,3.073636
2012-03-29,4.31,4.46,4.30,4.38,1700,3.052727
2012-03-28,4.47,4.47,4.30,4.39,6600,3.059697
2012-03-27,4.36,4.47,4.32,4.43,5500,3.087576
2012-03-26,4.36,4.49,4.30,4.34,2400,3.024849
2012-03-23,4.33,4.33,4.33,4.33,000,3.017879
2012-03-22,4.32,4.38,4.31,4.33,1800,3.017879
2012-03-21,4.38,4.51,4.30,4.38,3500,3.052727
2012-03-20,4.41,4.50,4.31,4.37,5900,3.045757
2012-03-19,4.49,4.50,4.40,4.47,1400,3.115454
2012-03-16,4.33,4.51,4.30,4.51,7300,3.143333
2012-03-15,4.38,4.38,4.30,4.38,7400,3.052727
2012-03-14,4.31,4.38,4.30,4.38,7700,3.052727
2012-03-13,4.30,4.30,4.11,4.30,17300,2.99697
2012-03-12,4.30,4.30,4.25,4.25,3600,2.962121
2012-03-09,4.15,4.31,4.10,4.25,7000,2.962121
2012-03-08,4.16,4.30,4.08,4.12,4000,2.871515
2012-03-07,4.22,4.27,4.07,4.11,12800,2.864546
2012-03-06,4.14,4.23,4.00,4.20,6600,2.927273
2012-03-05,4.18,4.23,4.14,4.14,9400,2.885454
2012-03-02,4.21,4.28,4.14,4.18,25300,2.913333
2012-03-01,4.26,4.37,4.17,4.35,20900,3.031818
2012-02-29,4.25,4.27,4.18,4.27,5000,2.976061
2012-02-28,4.18,4.30,4.14,4.25,16900,2.962121
2012-02-27,4.09,4.19,4.05,4.16,7100,2.899394
2012-02-24,3.99,4.11,3.99,4.11,16100,2.864546
2012-02-23,3.98,4.04,3.98,4.01,16900,2.794849
2012-02-22,4.04,4.04,3.82,4.03,16300,2.808788
2012-02-21,3.91,4.00,3.91,3.98,2400,2.773939
2012-02-17,4.07,4.07,3.89,3.89,10900,2.711212
2012-02-16,4.04,4.06,4.04,4.05,17700,2.822727
2012-02-15,4.15,4.15,3.84,4.05,9500,2.822727
2012-02-14,3.97,4.05,3.93,3.96,3100,2.76
2012-02-13,3.96,4.04,3.95,4.00,4600,2.787879
2012-02-10,3.93,4.00,3.93,3.97,2600,2.76697
2012-02-09,4.04,4.14,3.91,4.01,5800,2.794849
2012-02-08,4.05,4.09,3.91,4.05,9100,2.822727
2012-02-07,4.03,4.10,3.90,4.05,25100,2.822727
2012-02-06,3.93,4.10,3.89,4.01,11300,2.794849
2012-02-03,3.95,3.95,3.88,3.88,13100,2.704242
2012-02-02,3.90,3.90,3.80,3.83,10600,2.669394
2012-02-01,3.84,3.95,3.83,3.94,5200,2.746061
2012-01-31,3.72,3.90,3.72,3.90,9700,2.718182
2012-01-30,3.83,3.88,3.81,3.88,2000,2.704242
2012-01-27,3.77,3.86,3.70,3.82,4800,2.662424
2012-01-26,4.09,4.09,3.73,3.80,20800,2.648485
2012-01-25,3.82,4.14,3.82,4.10,9800,2.857576
2012-01-24,3.95,4.07,3.95,4.05,4000,2.822727
2012-01-23,4.02,4.02,3.86,3.86,5800,2.690303
2012-01-20,4.01,4.18,3.89,4.04,4000,2.815758
2012-01-19,4.02,4.15,3.88,4.02,3500,2.801818
2012-01-18,3.99,4.12,3.96,4.01,6100,2.794849
2012-01-17,3.94,4.19,3.83,4.05,5900,2.822727
2012-01-13,3.82,4.12,3.82,3.90,2900,2.718182
2012-01-12,3.86,4.02,3.82,3.83,2500,2.669394
2012-01-11,3.98,4.00,3.93,3.94,6500,2.746061
2012-01-10,3.86,4.12,3.86,3.89,10100,2.711212
2012-01-09,3.82,3.87,3.65,3.86,3600,2.690303
2012-01-06,3.83,3.93,3.82,3.93,300,2.739091
2012-01-05,3.91,3.91,3.51,3.83,5100,2.669394
2012-01-04,3.81,3.96,3.62,3.93,19900,2.739091
2012-01-03,3.50,3.87,3.50,3.87,8100,2.697273
2011-12-30,3.41,3.52,3.40,3.44,43700,2.397576
2011-12-29,3.36,3.52,3.36,3.45,18000,2.404545
2011-12-28,3.41,3.50,3.26,3.26,35400,2.272121
2011-12-27,3.46,3.59,3.36,3.46,15500,2.411515
2011-12-23,3.41,3.56,3.41,3.51,10000,2.446364
2011-12-22,3.35,3.61,3.35,3.45,23800,2.404545
2011-12-21,3.55,3.55,3.31,3.31,11800,2.30697
2011-12-20,3.65,3.65,3.35,3.39,33200,2.362727
2011-12-19,3.32,3.69,3.32,3.65,20300,2.543939
2011-12-16,3.25,3.45,3.25,3.30,14000,2.30
2011-12-15,3.30,3.46,3.20,3.30,97300,2.30
2011-12-14,3.46,3.46,3.25,3.29,33000,2.29303
2011-12-13,3.68,3.70,3.50,3.50,21700,2.439394
2011-12-12,3.70,3.73,3.61,3.65,17800,2.543939
2011-12-09,3.85,3.85,3.75,3.75,19200,2.613636
2011-12-08,3.76,3.99,3.71,3.83,19200,2.669394
2011-12-07,3.83,4.09,3.77,4.05,11000,2.822727
2011-12-06,3.94,3.98,3.80,3.98,22500,2.773939
2011-12-05,3.82,3.96,3.73,3.75,88900,2.613636
2011-12-02,3.82,3.90,3.70,3.83,18700,2.669394
2011-12-01,3.97,4.10,3.79,3.80,26000,2.648485
2011-11-30,3.87,4.02,3.85,3.99,18100,2.780909
2011-11-29,4.10,4.15,3.79,3.84,56500,2.676364
2011-11-28,4.22,4.32,4.09,4.15,6800,2.892424
2011-11-25,4.09,4.22,4.09,4.15,2600,2.892424
2011-11-23,4.15,4.32,4.08,4.20,2700,2.927273
2011-11-22,4.09,4.33,4.09,4.23,600,2.948182
2011-11-21,4.27,4.28,4.13,4.13,4800,2.878485
2011-11-18,4.32,4.32,4.24,4.32,2000,3.010909
2011-11-17,4.34,4.34,4.20,4.24,6800,2.955151
2011-11-16,4.28,4.40,4.28,4.35,4400,3.031818
2011-11-15,4.37,4.40,4.30,4.32,19600,3.010909
2011-11-14,4.37,4.50,4.35,4.46,4800,3.108485
2011-11-11,4.46,4.46,4.46,4.46,000,3.108485
2011-11-10,4.56,4.58,4.46,4.46,2000,3.108485
2011-11-09,4.40,4.40,4.38,4.39,1000,3.059697
2011-11-08,4.34,4.56,4.34,4.50,7900,3.136364
2011-11-07,4.35,4.53,4.35,4.52,1600,3.150303
2011-11-04,4.51,4.56,4.51,4.56,900,3.178182
2011-11-03,4.58,4.58,4.54,4.58,6000,3.192121
2011-11-02,4.55,4.59,4.54,4.59,2000,3.199091
2011-11-01,4.60,4.61,4.58,4.61,3100,3.21303
2011-10-31,4.71,4.74,4.70,4.70,4400,3.275757
2011-10-28,4.79,4.79,4.79,4.79,100,3.338485
2011-10-27,4.73,4.75,4.57,4.75,11200,3.310606
2011-10-26,4.60,4.70,4.60,4.70,2300,3.275757
2011-10-25,4.67,4.70,4.64,4.70,7400,3.275757
2011-10-24,4.65,4.70,4.60,4.70,4500,3.275757
2011-10-21,4.70,4.70,4.67,4.70,57100,3.275757
2011-10-20,4.66,4.66,4.64,4.64,1400,3.233939
2011-10-19,4.56,4.70,4.56,4.70,13700,3.275757
2011-10-18,4.68,4.74,4.67,4.70,4200,3.275757
2011-10-17,4.66,4.67,4.61,4.63,4300,3.22697
2011-10-14,4.37,4.64,4.37,4.64,2600,3.233939
2011-10-13,4.52,4.55,4.52,4.55,2000,3.171212
2011-10-12,4.41,4.53,4.38,4.53,1600,3.157273
2011-10-11,4.50,4.60,4.39,4.60,2800,3.20606
2011-10-10,4.40,4.48,4.40,4.40,1300,3.066667
2011-10-07,4.45,4.50,4.39,4.39,6900,3.059697
2011-10-06,4.62,4.62,4.62,4.62,000,3.22
2011-10-05,4.54,4.82,4.50,4.62,16600,3.22
2011-10-04,4.54,4.62,4.41,4.41,8200,3.073636
2011-10-03,4.80,4.80,4.64,4.75,3900,3.310606
2011-09-30,4.83,4.85,4.62,4.83,1500,3.366364
2011-09-29,4.76,4.85,4.62,4.85,2700,3.380303
2011-09-28,4.68,4.85,4.54,4.73,7900,3.296667
2011-09-27,4.78,4.78,4.57,4.67,6700,3.254848
2011-09-26,4.67,4.78,4.62,4.74,7400,3.303636
2011-09-23,4.54,4.78,4.54,4.70,4900,3.275757
2011-09-22,4.60,4.60,4.42,4.51,2200,3.143333
2011-09-21,4.50,4.78,4.50,4.71,9900,3.282727
2011-09-20,4.47,4.56,4.42,4.42,10000,3.080606
2011-09-19,4.52,4.52,4.37,4.45,6000,3.101515
2011-09-16,4.43,4.59,4.35,4.59,6000,3.199091
2011-09-15,4.47,4.56,4.45,4.52,16900,3.150303
2011-09-14,4.52,4.60,4.45,4.60,6300,3.20606
2011-09-13,4.51,4.69,4.33,4.56,3800,3.178182
2011-09-12,4.50,4.57,4.21,4.51,17300,3.143333
2011-09-09,4.49,4.53,4.46,4.53,4200,3.157273
2011-09-08,4.48,4.50,4.46,4.50,1800,3.136364
2011-09-07,4.55,4.64,4.47,4.63,4200,3.22697
2011-09-06,4.69,4.69,4.55,4.61,6700,3.21303
2011-09-02,4.70,4.73,4.60,4.73,3700,3.296667
2011-09-01,4.82,4.82,4.61,4.70,11300,3.275757
2011-08-31,4.77,4.80,4.67,4.80,3900,3.345455
2011-08-30,4.65,4.79,4.58,4.75,15800,3.310606
2011-08-29,4.78,4.89,4.78,4.80,1500,3.345455
2011-08-26,4.80,4.80,4.80,4.80,300,3.345455
2011-08-25,4.88,4.88,4.60,4.67,19500,3.254848
2011-08-24,4.80,5.04,4.80,4.90,4300,3.415152
2011-08-23,4.87,4.98,4.86,4.86,5300,3.387273
2011-08-22,4.93,4.98,4.80,4.88,1900,3.401212
2011-08-19,4.90,5.00,4.84,4.93,14600,3.43606
2011-08-18,4.91,5.10,4.85,4.92,4800,3.429091
2011-08-17,4.83,4.98,4.81,4.93,4100,3.43606
2011-08-16,5.21,5.27,4.83,4.88,15600,3.401212
2011-08-15,5.14,5.29,5.00,5.28,5400,3.68
2011-08-12,4.96,5.13,4.92,5.13,5000,3.575455
2011-08-11,4.98,5.16,4.80,4.95,10900,3.45
2011-08-10,4.80,5.10,4.80,5.00,10900,3.484848
2011-08-09,4.96,5.01,4.68,4.83,15400,3.366364
2011-08-08,4.88,5.03,4.44,5.03,23500,3.505758
2011-08-05,4.89,5.09,4.85,4.89,24600,3.408182
2011-08-04,5.10,5.17,4.89,5.00,20600,3.484848
2011-08-03,5.23,5.23,5.00,5.11,13400,3.561515
2011-08-02,5.27,5.57,5.21,5.21,6100,3.631212
2011-08-01,5.35,5.50,5.25,5.34,6600,3.721818
2011-07-29,5.27,5.33,5.25,5.29,23300,3.68697
2011-07-28,5.31,5.49,5.31,5.41,31300,3.770606
2011-07-27,5.70,5.77,5.25,5.25,61600,3.659091
2011-07-26,5.66,5.91,5.40,5.40,26800,3.763636
2011-07-25,5.79,5.92,5.62,5.64,13800,3.930909
2011-07-22,5.87,5.90,5.63,5.80,3000,4.042424
2011-07-21,5.76,5.95,5.76,5.76,6100,4.014546
2011-07-20,5.73,5.88,5.71,5.71,12500,3.979697
2011-07-19,5.56,5.84,5.55,5.72,9900,3.986666
2011-07-18,5.54,5.64,5.54,5.55,1300,3.868182
2011-07-15,5.45,5.69,5.43,5.55,4700,3.868182
2011-07-14,5.59,5.74,5.44,5.44,11600,3.791515
2011-07-13,5.52,5.73,5.50,5.56,14700,3.875151
2011-07-12,5.46,5.54,5.46,5.54,12900,3.861212
2011-07-11,5.47,5.47,5.40,5.43,3600,3.784545
2011-07-08,5.41,5.45,5.40,5.44,1600,3.791515
2011-07-07,5.40,5.49,5.40,5.49,2500,3.826363
2011-07-06,5.36,5.51,5.34,5.34,6400,3.721818
2011-07-05,5.73,5.73,5.40,5.43,4600,3.784545
2011-07-01,5.52,5.63,5.45,5.63,2300,3.923939
2011-06-30,5.40,5.54,5.40,5.47,8200,3.812424
2011-06-29,5.45,5.46,5.44,5.44,1900,3.791515
2011-06-28,5.31,5.52,5.20,5.52,39200,3.847273
2011-06-27,5.44,5.45,5.38,5.41,4400,3.770606
2011-06-24,5.39,5.45,5.33,5.39,5600,3.756667
2011-06-23,5.48,5.48,5.23,5.44,500,3.791515
2011-06-22,5.44,5.44,5.38,5.38,700,3.749697
2011-06-21,5.50,5.50,5.36,5.44,6300,3.791515
2011-06-20,5.48,5.63,5.46,5.56,13700,3.875151
2011-06-17,5.19,5.54,5.17,5.54,6200,3.861212
2011-06-16,5.29,5.30,5.17,5.18,17100,3.610303
2011-06-15,5.15,5.36,5.15,5.31,41800,3.700909
2011-06-14,5.23,5.26,5.10,5.15,40300,3.589394
2011-06-13,5.38,5.39,5.13,5.20,8300,3.624242
2011-06-10,5.32,5.50,5.30,5.35,20600,3.728788
2011-06-09,5.21,5.37,5.12,5.34,33400,3.721818
2011-06-08,5.20,5.26,5.20,5.20,3600,3.624242
2011-06-07,5.18,5.30,5.18,5.18,14000,3.610303
2011-06-06,5.31,5.31,5.17,5.21,36700,3.631212
2011-06-03,5.45,5.54,5.32,5.38,5900,3.749697
2011-06-02,5.47,5.49,5.46,5.49,300,3.826363
2011-06-01,5.49,5.56,5.46,5.46,4200,3.805455
2011-05-31,5.53,5.61,5.51,5.52,17200,3.847273
2011-05-27,5.55,5.63,5.45,5.60,7100,3.90303
2011-05-26,5.61,5.66,5.54,5.57,2700,3.882121
2011-05-25,5.61,5.65,5.52,5.58,3100,3.889091
2011-05-24,5.62,5.62,5.55,5.59,1200,3.896061
2011-05-23,5.57,5.60,5.57,5.60,200,3.90303
2011-05-20,5.72,5.72,5.61,5.61,4700,3.91
2011-05-19,5.72,5.75,5.70,5.75,5600,4.007576
2011-05-18,5.72,5.75,5.70,5.75,3400,4.007576
2011-05-17,5.70,5.77,5.70,5.71,5000,3.979697
2011-05-16,5.74,5.83,5.69,5.69,2700,3.965758
2011-05-13,5.73,5.77,5.70,5.77,1300,4.021515
2011-05-12,5.90,5.91,5.64,5.64,5000,3.930909
2011-05-11,5.87,5.90,5.85,5.85,5300,4.077273
2011-05-10,5.85,5.87,5.85,5.87,7600,4.091212
2011-05-09,5.90,6.00,5.80,5.80,30000,4.042424
2011-05-06,5.80,5.84,5.80,5.80,500,4.042424
2011-05-05,5.75,5.83,5.75,5.83,25800,4.063333
2011-05-04,5.84,5.85,5.75,5.75,2400,4.007576
2011-05-03,5.75,5.79,5.73,5.79,9200,4.035454
2011-05-02,5.70,5.77,5.66,5.75,48000,4.007576
2011-04-29,5.45,5.70,5.45,5.62,36000,3.91697
2011-04-28,5.40,5.80,5.37,5.42,26000,3.777576
2011-04-27,5.45,5.49,5.37,5.37,4400,3.742727
2011-04-26,5.48,5.49,5.40,5.41,2400,3.770606
2011-04-25,5.42,5.49,5.42,5.49,2400,3.826363
2011-04-21,5.48,5.50,5.40,5.48,15100,3.819394
2011-04-20,5.56,5.56,5.38,5.44,7300,3.791515
2011-04-19,5.60,5.60,5.51,5.51,4000,3.840303
2011-04-18,5.69,5.69,5.58,5.60,1400,3.90303
2011-04-15,5.65,5.74,5.46,5.74,4900,4.000606
2011-04-14,5.50,5.58,5.50,5.51,3100,3.840303
2011-04-13,5.50,5.50,5.43,5.46,5000,3.805455
2011-04-12,5.58,5.58,5.47,5.50,11800,3.833333
2011-04-11,5.64,5.67,5.59,5.63,6700,3.923939
2011-04-08,5.69,5.71,5.66,5.66,11600,3.944848
2011-04-07,5.75,5.75,5.62,5.62,7800,3.91697
2011-04-06,5.76,5.76,5.69,5.75,7800,4.007576
2011-04-05,5.67,5.79,5.63,5.77,9200,4.021515
2011-04-04,5.73,5.77,5.61,5.61,6900,3.91
2011-04-01,5.79,5.79,5.71,5.74,6800,4.000606
2011-03-31,5.83,5.87,5.81,5.85,3800,4.077273
2011-03-30,5.82,5.83,5.76,5.83,2300,4.063333
2011-03-29,5.74,5.83,5.74,5.75,7200,4.007576
2011-03-28,5.79,5.79,5.67,5.67,8000,3.951818
2011-03-25,5.77,5.85,5.77,5.79,3500,4.035454
2011-03-24,5.77,5.79,5.77,5.79,4000,4.035454
2011-03-23,5.84,5.89,5.71,5.75,9100,4.007576
2011-03-22,5.75,5.92,5.75,5.92,500,4.126061
2011-03-21,5.75,6.10,5.75,5.91,12300,4.119091
2011-03-18,5.65,5.73,5.56,5.69,9000,3.965758
2011-03-17,5.77,5.82,5.74,5.74,23900,4.000606
2011-03-16,5.79,5.80,5.75,5.78,5400,4.028485
2011-03-15,5.77,5.87,5.77,5.79,2400,4.035454
2011-03-14,5.79,5.81,5.78,5.78,3600,4.028485
2011-03-11,5.84,5.89,5.73,5.81,4900,4.049394
2011-03-10,5.89,6.18,5.80,5.88,30800,4.098182
2011-03-09,6.05,6.05,6.00,6.01,1800,4.188788
2011-03-08,6.04,6.06,6.00,6.00,6600,4.181818
2011-03-07,6.00,6.05,5.98,6.04,18100,4.209697
2011-03-04,6.03,6.06,5.92,5.92,12900,4.126061
2011-03-03,6.07,6.10,5.92,6.02,14100,4.195758
2011-03-02,6.05,6.05,5.96,5.99,11900,4.174848
2011-03-01,5.91,6.09,5.85,6.09,21700,4.244546
2011-02-28,5.91,5.94,5.84,5.94,10500,4.14
2011-02-25,5.95,6.00,5.94,5.95,23300,4.14697
2011-02-24,5.88,5.95,5.84,5.94,15100,4.14
2011-02-23,5.89,6.10,5.87,5.94,21100,4.14
2011-02-22,6.08,6.10,5.93,6.01,28500,4.188788
2011-02-18,5.99,6.02,5.94,5.99,14100,4.174848
2011-02-17,5.94,6.04,5.93,5.94,17300,4.14
2011-02-16,5.99,6.05,5.90,5.97,14400,4.160909
2011-02-15,5.87,5.99,5.87,5.99,19800,4.174848
2011-02-14,5.97,5.98,5.91,5.92,2800,4.126061
2011-02-11,6.05,6.05,5.97,5.98,76900,4.167879
2011-02-10,5.92,6.04,5.90,6.01,15600,4.188788
2011-02-09,5.94,6.08,5.94,5.94,62600,4.14
2011-02-08,5.93,5.95,5.81,5.82,10300,4.056364
2011-02-07,5.89,5.99,5.89,5.90,33000,4.112121
2011-02-04,5.92,6.00,5.92,5.95,8700,4.14697
2011-02-03,6.01,6.01,5.81,5.91,2300,4.119091
2011-02-02,6.05,6.10,5.98,5.98,36700,4.167879
2011-02-01,5.80,6.09,5.80,5.97,17600,4.160909
2011-01-31,5.87,5.95,5.78,5.79,4400,4.035454
2011-01-28,5.87,6.02,5.86,5.93,28100,4.13303
2011-01-27,6.05,6.20,5.90,6.08,50100,4.237576
2011-01-26,5.90,6.03,5.90,6.03,11200,4.202727
2011-01-25,6.01,6.01,5.94,5.97,6900,4.160909
2011-01-24,6.01,6.05,5.90,5.90,15300,4.112121
2011-01-21,6.18,6.18,5.97,5.98,18600,4.167879
2011-01-20,6.05,6.16,5.99,6.16,66900,4.293333
2011-01-19,6.10,6.10,5.99,6.02,29800,4.195758
2011-01-18,5.93,6.05,5.93,6.05,26900,4.216667
2011-01-14,5.78,5.99,5.78,5.91,21800,4.119091
2011-01-13,5.87,5.94,5.81,5.83,16800,4.063333
2011-01-12,5.90,5.95,5.83,5.90,21200,4.112121
2011-01-11,5.92,5.95,5.76,5.79,9200,4.035454
2011-01-10,5.88,5.96,5.75,5.89,3100,4.105151
2011-01-07,5.95,5.99,5.93,5.93,1900,4.13303
2011-01-06,5.84,6.00,5.84,5.93,3200,4.13303
2011-01-05,5.65,5.86,5.65,5.84,27600,4.070303
2011-01-04,5.82,5.96,5.62,5.72,19400,3.986666
2011-01-03,5.69,6.02,5.69,5.90,29300,4.112121
2010-12-31,5.33,5.68,5.25,5.67,34000,3.951818
2010-12-30,5.20,5.29,5.01,5.25,19900,3.659091
2010-12-29,5.22,5.30,5.17,5.24,21200,3.652121
2010-12-28,5.23,5.29,5.15,5.16,12300,3.596363
2010-12-27,5.30,5.43,5.16,5.17,33800,3.603333
2010-12-23,5.30,5.40,5.30,5.30,27000,3.693939
2010-12-22,5.58,5.62,5.30,5.43,25400,3.784545
2010-12-21,5.30,5.54,5.30,5.35,89800,3.728788
2010-12-20,5.30,5.30,5.21,5.21,6100,3.631212
2010-12-17,5.25,5.34,5.15,5.25,15900,3.659091
2010-12-16,5.38,5.38,5.25,5.30,12500,3.693939
2010-12-15,5.36,5.49,5.15,5.30,10400,3.693939
2010-12-14,5.10,5.49,5.09,5.24,13100,3.652121
2010-12-13,5.15,5.29,5.10,5.11,88700,3.561515
2010-12-10,5.45,5.49,5.34,5.38,16200,3.749697
2010-12-09,5.68,5.69,5.37,5.40,35900,3.763636
2010-12-08,5.61,5.69,5.55,5.58,8900,3.889091
2010-12-07,5.43,5.78,5.30,5.65,26000,3.937879
2010-12-06,5.57,5.57,5.37,5.39,4100,3.756667
2010-12-03,5.50,5.53,5.19,5.37,9400,3.742727
2010-12-02,5.47,5.48,5.37,5.37,3000,3.742727
2010-12-01,5.47,5.53,5.38,5.48,11600,3.819394
2010-11-30,5.50,5.54,5.41,5.53,6600,3.854243
2010-11-29,5.39,5.54,5.34,5.51,5900,3.840303
2010-11-26,5.35,5.35,5.35,5.35,000,3.728788
2010-11-24,5.20,5.49,5.20,5.35,24100,3.728788
2010-11-23,5.26,5.26,5.15,5.15,1600,3.589394
2010-11-22,5.36,5.36,5.35,5.35,200,3.728788
2010-11-19,5.30,5.39,5.12,5.25,36300,3.659091
2010-11-18,5.39,5.44,5.10,5.31,11100,3.700909
2010-11-17,5.25,5.41,5.17,5.24,11800,3.652121
2010-11-16,5.15,5.30,5.03,5.22,32100,3.638182
2010-11-15,5.42,5.50,5.17,5.33,11800,3.714848
2010-11-12,5.43,5.48,5.38,5.43,3700,3.784545
2010-11-11,5.48,5.62,5.48,5.58,4500,3.889091
2010-11-10,5.47,5.55,5.42,5.55,5800,3.868182
2010-11-09,5.40,5.65,5.40,5.58,5600,3.889091
2010-11-08,5.61,5.76,5.47,5.66,17100,3.944848
2010-11-05,5.90,5.90,5.57,5.66,26100,3.944848
2010-11-04,5.80,6.10,5.80,5.98,20700,4.167879
2010-11-03,6.00,6.02,5.80,5.80,3600,4.042424
2010-11-02,6.00,6.10,5.80,6.04,31300,4.209697
2010-11-01,6.06,6.18,5.85,6.07,22700,4.230606
2010-10-29,5.80,6.08,5.58,5.97,21300,4.160909
2010-10-28,6.04,6.05,5.75,5.83,5400,4.063333
2010-10-27,5.80,6.12,5.80,6.02,7400,4.195758
2010-10-26,5.64,6.04,5.53,5.89,24900,4.105151
2010-10-25,6.01,6.01,5.49,5.65,35000,3.937879
2010-10-22,6.05,6.08,5.92,6.02,12400,4.195758
2010-10-21,5.99,6.10,5.93,6.04,56300,4.209697
2010-10-20,5.40,5.68,5.39,5.68,10500,3.958788
2010-10-19,5.33,5.48,5.27,5.40,14600,3.763636
2010-10-18,5.24,5.25,5.13,5.25,18700,3.659091
2010-10-15,4.70,5.19,4.70,5.16,21400,3.596363
2010-10-14,4.82,4.88,4.67,4.69,20700,3.268788
2010-10-13,4.76,4.99,4.76,4.78,21400,3.331515
2010-10-12,4.90,4.91,4.86,4.90,4300,3.415152
2010-10-11,4.87,4.98,4.86,4.90,9700,3.415152
2010-10-08,5.00,5.00,4.82,4.95,3300,3.45
2010-10-07,4.91,5.00,4.88,4.95,13400,3.45
2010-10-06,4.87,4.95,4.82,4.95,4400,3.45
2010-10-05,4.75,4.88,4.71,4.88,11500,3.401212
2010-10-04,4.66,4.76,4.65,4.73,7100,3.296667
2010-10-01,4.80,4.80,4.52,4.61,45100,3.21303
2010-09-30,5.01,5.07,4.86,4.89,9000,3.408182
2010-09-29,4.94,5.04,4.89,5.00,21500,3.484848
2010-09-28,4.71,4.90,4.68,4.89,62700,3.408182
2010-09-27,4.91,4.97,4.75,4.80,19000,3.345455
2010-09-24,4.94,5.13,4.85,4.94,23400,3.44303
2010-09-23,5.05,5.06,4.99,4.99,6000,3.477879
2010-09-22,5.05,5.15,5.02,5.10,27800,3.554545
2010-09-21,4.98,5.09,4.96,5.01,19700,3.491818
2010-09-20,5.06,5.12,4.99,5.04,24100,3.512727
2010-09-17,5.21,5.21,4.86,5.08,49000,3.540606
2010-09-16,5.45,5.45,5.15,5.18,162100,3.610303
2010-09-15,5.46,5.48,5.26,5.31,3800,3.700909
2010-09-14,5.51,5.51,5.35,5.41,3600,3.770606
2010-09-13,5.61,5.61,5.25,5.35,11900,3.728788
2010-09-10,5.55,5.55,5.49,5.50,1500,3.833333
2010-09-09,5.41,5.50,5.41,5.46,4900,3.805455
2010-09-08,5.54,5.56,5.42,5.47,157900,3.812424
2010-09-07,5.24,5.68,5.24,5.44,8400,3.791515
2010-09-03,5.46,5.61,5.42,5.49,6400,3.826363
2010-09-02,5.19,5.54,5.14,5.47,26000,3.812424
2010-09-01,5.01,5.46,5.01,5.42,27000,3.777576
2010-08-31,5.24,5.33,5.15,5.25,15500,3.659091
2010-08-30,5.19,5.72,5.09,5.19,60200,3.617273
2010-08-27,5.69,5.86,5.66,5.81,19200,4.049394
2010-08-26,5.24,5.42,5.24,5.42,1000,3.777576
2010-08-25,5.05,5.33,4.87,5.21,16000,3.631212
2010-08-24,5.29,5.35,5.01,5.35,14200,3.728788
2010-08-23,5.50,5.62,5.44,5.44,3200,3.791515
2010-08-20,5.30,5.67,5.30,5.54,7300,3.861212
2010-08-19,5.18,5.45,5.15,5.43,4400,3.784545
2010-08-18,5.32,5.39,5.20,5.22,12300,3.638182
2010-08-17,5.26,5.50,5.12,5.40,16500,3.763636
2010-08-16,5.60,5.69,5.09,5.09,17400,3.547576
2010-08-13,5.33,5.69,5.33,5.56,2600,3.875151
2010-08-12,5.65,5.65,5.41,5.48,4900,3.819394
2010-08-11,5.80,5.80,5.66,5.68,1700,3.958788
2010-08-10,5.86,5.86,5.76,5.85,14200,4.077273
2010-08-09,5.93,5.97,5.86,5.88,10100,4.098182
2010-08-06,5.93,5.93,5.84,5.89,16900,4.105151
2010-08-05,5.74,5.88,5.74,5.88,7500,4.098182
2010-08-04,5.85,5.90,5.77,5.77,16900,4.021515
2010-08-03,5.92,6.08,5.82,5.82,16700,4.056364
2010-08-02,6.24,6.24,5.82,5.96,51100,4.153939
2010-07-30,5.60,6.28,5.50,6.03,39800,4.202727
2010-07-29,4.55,5.99,4.55,5.83,143800,4.063333
2010-07-28,4.50,4.50,4.24,4.26,20200,2.969091
2010-07-27,4.51,4.55,4.50,4.50,6100,3.136364
2010-07-26,4.43,4.62,4.38,4.45,14800,3.101515
2010-07-23,4.63,4.64,4.28,4.40,15000,3.066667
2010-07-22,4.10,4.24,4.10,4.17,15000,2.906364
2010-07-21,4.05,4.27,4.05,4.10,9400,2.857576
2010-07-20,3.92,4.09,3.92,3.96,5800,2.76
2010-07-19,4.23,4.30,2.12,4.00,231500,2.787879
2010-07-16,4.41,4.68,4.34,4.38,28900,3.052727
2010-07-15,4.42,4.53,4.20,4.43,45500,3.087576
2010-07-14,4.46,4.52,4.45,4.45,2600,3.101515
2010-07-13,4.67,4.67,4.49,4.57,13900,3.185152
2010-07-12,4.70,4.82,4.43,4.49,15400,3.129394
2010-07-09,4.66,4.73,4.64,4.73,28900,3.296667
2010-07-08,4.79,4.83,4.50,4.59,59300,3.199091
2010-07-07,4.56,4.80,4.56,4.78,25500,3.331515
2010-07-06,4.67,5.02,4.47,4.50,30800,3.136364
2010-07-02,4.51,4.81,4.51,4.77,16000,3.324545
2010-07-01,4.60,4.60,4.41,4.45,22100,3.101515
2010-06-30,4.45,4.45,4.40,4.40,1600,3.066667
2010-06-29,4.54,4.54,4.32,4.32,9200,3.010909
2010-06-28,4.57,4.60,4.54,4.56,5800,3.178182
2010-06-25,4.49,4.61,4.49,4.49,4800,3.129394
2010-06-24,4.67,4.70,4.41,4.49,22100,3.129394
2010-06-23,4.81,4.92,4.71,4.75,7700,3.310606
2010-06-22,5.06,5.06,4.81,4.89,3900,3.408182
2010-06-21,4.93,5.01,4.77,5.00,17400,3.484848
2010-06-18,4.78,4.90,4.76,4.90,1800,3.415152
2010-06-17,5.05,5.06,4.85,4.90,4700,3.415152
2010-06-16,4.86,5.04,4.85,5.04,5000,3.512727
2010-06-15,4.77,4.86,4.77,4.83,6600,3.366364
2010-06-14,4.78,4.89,4.74,4.77,66700,3.324545
2010-06-11,4.84,5.00,4.62,4.64,39400,3.233939
2010-06-10,4.65,4.93,4.64,4.88,16100,3.401212
2010-06-09,4.56,4.77,4.52,4.77,1900,3.324545
2010-06-08,4.63,4.74,4.60,4.74,12200,3.303636
2010-06-07,4.90,5.31,4.76,4.76,27200,3.317576
2010-06-04,5.06,5.06,4.90,4.90,2200,3.415152
2010-06-03,5.20,5.20,5.00,5.10,13500,3.554545
2010-06-02,5.08,5.24,4.87,5.02,7800,3.498788
2010-06-01,5.14,5.14,5.00,5.00,3600,3.484848
2010-05-28,5.04,5.14,5.02,5.14,1900,3.582424
2010-05-27,5.08,5.13,5.01,5.13,5600,3.575455
2010-05-26,5.10,5.20,5.08,5.10,2000,3.554545
2010-05-25,4.98,5.10,4.98,5.05,7000,3.519697
2010-05-24,5.45,5.55,5.10,5.21,16100,3.631212
2010-05-21,4.60,5.60,4.60,5.49,53900,3.826363
2010-05-20,5.16,5.37,5.07,5.08,16100,3.540606
2010-05-19,5.22,5.48,5.16,5.16,11400,3.596363
2010-05-18,5.52,5.54,5.10,5.10,4600,3.554545
2010-05-17,5.46,5.56,5.30,5.47,9500,3.812424
2010-05-14,5.58,5.58,5.40,5.45,6800,3.798485
2010-05-13,5.57,5.59,5.50,5.55,5100,3.868182
2010-05-12,5.62,5.64,5.59,5.59,5200,3.896061
2010-05-11,5.56,5.65,5.42,5.61,5800,3.91
2010-05-10,5.60,5.62,5.44,5.50,14600,3.833333
2010-05-07,5.50,5.70,5.50,5.60,7900,3.90303
2010-05-06,5.66,5.71,5.25,5.50,20100,3.833333
2010-05-05,5.59,5.75,5.55,5.73,11500,3.993636
2010-05-04,5.82,5.87,5.56,5.65,31000,3.937879
2010-05-03,5.90,5.90,5.86,5.88,4400,4.098182
2010-04-30,5.85,5.94,5.82,5.82,8700,4.056364
2010-04-29,6.00,6.10,5.86,5.89,21700,4.105151
2010-04-28,5.80,6.00,5.78,6.00,10700,4.181818
2010-04-27,5.63,5.86,5.63,5.81,13700,4.049394
2010-04-26,5.60,6.01,5.60,5.78,10700,4.028485
2010-04-23,5.81,5.81,5.49,5.68,9500,3.958788
2010-04-22,5.83,5.83,5.60,5.76,10300,4.014546
2010-04-21,5.68,5.89,5.50,5.83,18300,4.063333
2010-04-20,5.77,5.79,5.58,5.65,13100,3.937879
2010-04-19,5.62,5.72,5.56,5.72,16700,3.986666
2010-04-16,5.90,5.91,5.50,5.65,29300,3.937879
2010-04-15,5.93,5.98,5.73,5.86,12600,4.084242
2010-04-14,5.83,5.93,5.83,5.93,14100,4.13303
2010-04-13,6.00,6.00,5.80,5.80,9900,4.042424
2010-04-12,5.91,5.99,5.88,5.93,10800,4.13303
2010-04-09,5.90,6.04,5.80,6.04,8700,4.209697
2010-04-08,5.66,5.93,5.66,5.93,36400,4.13303
2010-04-07,5.85,6.02,5.62,5.76,39500,4.014546
2010-04-06,6.11,6.20,5.86,5.88,78800,4.098182
2010-04-05,6.18,6.72,5.90,5.95,122300,4.14697
2010-04-01,6.41,6.54,6.16,6.19,39300,4.314242
2010-03-31,6.78,6.79,6.26,6.30,67100,4.390909
2010-03-30,6.57,7.14,6.42,6.52,152300,4.544242
2010-03-29,6.41,6.50,6.32,6.37,58500,4.439697
2010-03-26,6.23,6.50,6.12,6.28,68000,4.37697
2010-03-25,5.74,6.69,5.60,6.22,136400,4.335151
2010-03-24,4.98,5.71,4.97,5.64,91600,3.930909
2010-03-23,4.51,5.07,4.43,4.97,58100,3.463939
2010-03-22,4.98,5.04,4.54,4.65,62100,3.240909
2010-03-19,4.76,5.09,4.50,5.09,29900,3.547576
2010-03-18,4.96,4.96,4.76,4.76,11300,3.317576
2010-03-17,4.90,5.16,4.81,4.90,56100,3.415152
2010-03-16,4.37,5.10,4.37,4.85,67700,3.380303
2010-03-15,4.37,4.49,4.31,4.36,8500,3.038788
2010-03-12,4.38,4.52,4.28,4.42,1500,3.080606
2010-03-11,4.24,4.39,4.24,4.31,14100,3.003939
2010-03-10,4.45,4.55,4.29,4.32,25200,3.010909
2010-03-09,4.32,4.55,4.32,4.35,9100,3.031818
2010-03-08,4.31,4.42,4.31,4.36,8800,3.038788
2010-03-05,4.31,4.37,4.31,4.35,3600,3.031818
2010-03-04,4.28,4.36,4.28,4.31,4100,3.003939
2010-03-03,4.26,4.54,4.25,4.32,11500,3.010909
2010-03-02,4.23,4.29,4.13,4.25,18700,2.962121
2010-03-01,4.24,4.27,4.18,4.22,21100,2.941212
2010-02-26,4.24,4.29,4.24,4.25,5500,2.962121
2010-02-25,4.22,4.26,4.20,4.24,11700,2.955151
2010-02-24,4.26,4.26,4.25,4.25,13900,2.962121
2010-02-23,4.24,4.77,4.24,4.27,13400,2.976061
2010-02-22,4.15,4.49,4.15,4.30,21900,2.99697
2010-02-19,4.07,4.20,4.07,4.15,2800,2.892424
2010-02-18,4.12,4.30,4.03,4.07,17200,2.836667
2010-02-17,4.35,4.35,4.14,4.14,9600,2.885454
2010-02-16,4.58,4.58,4.04,4.30,88300,2.99697
2010-02-12,4.46,4.60,4.14,4.56,17900,3.178182
2010-02-11,4.62,4.87,4.45,4.49,27200,3.129394
2010-02-10,4.77,4.80,4.47,4.69,15600,3.268788
2010-02-09,4.01,4.85,3.88,4.84,195300,3.373333
2010-02-08,4.03,4.03,3.81,3.95,29100,2.75303
2010-02-05,4.08,4.16,3.95,3.97,23900,2.76697
2010-02-04,4.10,4.13,4.00,4.12,20200,2.871515
2010-02-03,4.25,4.25,4.11,4.11,4600,2.864546
2010-02-02,4.08,4.20,4.04,4.20,7700,2.927273
2010-02-01,4.08,4.16,4.03,4.07,5000,2.836667
2010-01-29,4.25,4.28,4.04,4.04,47400,2.815758
2010-01-28,4.25,4.38,4.00,4.30,134500,2.99697
2010-01-27,4.37,4.46,4.30,4.30,10500,2.99697
2010-01-26,4.24,4.52,4.24,4.40,10300,3.066667
2010-01-25,4.23,4.25,4.20,4.21,6500,2.934242
2010-01-22,4.19,4.27,4.19,4.21,8400,2.934242
2010-01-21,4.31,4.46,4.20,4.21,21800,2.934242
2010-01-20,4.34,4.46,4.34,4.39,8600,3.059697
2010-01-19,4.48,4.48,4.29,4.29,17300,2.99
2010-01-15,4.43,4.50,4.36,4.36,11200,3.038788
2010-01-14,4.50,4.58,4.47,4.51,9800,3.143333
2010-01-13,4.39,4.68,4.39,4.55,40000,3.171212
2010-01-12,4.43,4.57,4.35,4.41,11000,3.073636
2010-01-11,4.51,4.60,4.46,4.50,12900,3.136364
2010-01-08,4.45,4.57,4.38,4.50,17400,3.136364
2010-01-07,4.50,4.63,4.43,4.50,11300,3.136364
2010-01-06,4.44,4.56,4.37,4.47,6800,3.115454
2010-01-05,4.51,4.55,4.41,4.45,18300,3.101515
2010-01-04,4.72,4.72,4.48,4.55,29200,3.171212
2009-12-31,4.46,4.60,4.37,4.59,24100,3.199091
2009-12-30,4.53,4.53,4.41,4.46,23400,3.108485
2009-12-29,4.46,4.59,4.40,4.49,92800,3.129394
2009-12-28,4.49,4.49,4.26,4.49,92200,3.129394
2009-12-24,4.50,4.50,4.50,4.50,000,3.136364
2009-12-23,4.50,4.58,4.45,4.50,17800,3.136364
2009-12-22,4.57,4.60,4.50,4.50,26500,3.136364
2009-12-21,4.44,4.69,4.41,4.55,16000,3.171212
2009-12-18,4.26,4.62,4.22,4.50,26400,3.136364
2009-12-17,4.32,4.67,4.30,4.47,22500,3.115454
2009-12-16,4.28,4.53,4.28,4.37,40600,3.045757
2009-12-15,4.42,4.56,4.21,4.21,60700,2.934242
2009-12-14,4.40,4.59,4.39,4.42,12200,3.080606
2009-12-11,4.65,4.75,4.46,4.50,17100,3.136364
2009-12-10,4.95,5.00,4.69,4.72,26900,3.289697
2009-12-09,4.67,4.88,4.54,4.67,47400,3.254848
2009-12-08,4.40,4.70,4.40,4.70,24700,3.275757
2009-12-07,4.69,4.69,4.50,4.50,44700,3.136364
2009-12-04,4.39,4.50,4.39,4.47,16900,3.115454
2009-12-03,4.20,4.46,4.20,4.31,12000,3.003939
2009-12-02,4.30,4.42,4.23,4.27,11600,2.976061
2009-12-01,4.21,4.35,4.21,4.28,44500,2.98303
2009-11-30,4.32,4.38,4.19,4.19,28100,2.920303
2009-11-27,4.50,4.53,4.17,4.40,24900,3.066667
2009-11-25,4.61,4.61,4.53,4.54,45200,3.164242
2009-11-24,4.56,4.69,4.52,4.60,27300,3.20606
2009-11-23,4.68,4.70,4.54,4.56,28200,3.178182
2009-11-20,4.69,4.69,4.55,4.55,9400,3.171212
2009-11-19,4.78,4.78,4.52,4.64,4900,3.233939
2009-11-18,4.95,4.99,4.73,4.73,57500,3.296667
2009-11-17,4.80,5.12,4.75,4.90,48700,3.415152
2009-11-16,4.74,4.90,4.64,4.80,33300,3.345455
2009-11-13,4.76,4.95,4.75,4.75,16100,3.310606
2009-11-12,4.87,4.88,4.79,4.81,7500,3.352424
2009-11-11,4.50,4.95,4.50,4.90,20500,3.415152
2009-11-10,4.75,4.94,4.53,4.78,10300,3.331515
2009-11-09,4.62,4.89,4.62,4.79,9600,3.338485
2009-11-06,4.74,4.76,4.50,4.64,18500,3.233939
2009-11-05,4.75,4.85,4.75,4.85,11300,3.380303
2009-11-04,4.90,4.97,4.70,4.70,5200,3.275757
2009-11-03,4.63,4.85,4.63,4.83,16100,3.366364
2009-11-02,4.57,4.79,4.55,4.59,7800,3.199091
2009-10-30,4.82,4.87,4.55,4.56,11900,3.178182
2009-10-29,4.91,5.00,4.79,4.79,30100,3.338485
2009-10-28,4.94,5.05,4.88,4.88,5900,3.401212
2009-10-27,5.12,5.16,4.95,4.95,11700,3.45
2009-10-26,5.04,5.04,4.85,4.99,15200,3.477879
2009-10-23,5.00,5.09,5.00,5.00,15800,3.484848
2009-10-22,5.06,5.12,4.98,4.99,22500,3.477879
2009-10-21,4.89,5.09,4.89,5.07,41800,3.533636
2009-10-20,4.89,5.01,4.89,4.97,17500,3.463939
2009-10-19,5.05,5.37,4.80,4.86,69400,3.387273
2009-10-16,5.00,5.16,4.97,5.01,26900,3.491818
2009-10-15,4.94,5.04,4.94,4.97,49300,3.463939
2009-10-14,4.92,5.11,4.66,4.89,84100,3.408182
2009-10-13,5.10,5.10,4.96,4.99,28600,3.477879
2009-10-12,4.97,5.00,4.88,5.00,21700,3.484848
2009-10-09,4.79,4.99,4.79,4.90,20500,3.415152
2009-10-08,4.86,4.93,4.75,4.79,22200,3.338485
2009-10-07,4.86,4.92,4.75,4.76,10400,3.317576
2009-10-06,4.62,4.85,4.52,4.77,23500,3.324545
2009-10-05,4.77,4.77,4.52,4.60,34400,3.20606
2009-10-02,4.67,5.30,4.63,4.80,64200,3.345455
2009-10-01,5.10,5.13,4.81,4.86,70000,3.387273
2009-09-30,5.09,5.15,5.01,5.01,16400,3.491818
2009-09-29,5.15,5.19,5.00,5.01,33700,3.491818
2009-09-28,5.09,5.21,5.00,5.18,30600,3.610303
2009-09-25,4.97,5.07,4.92,5.00,15500,3.484848
2009-09-24,5.11,5.11,4.93,4.99,18700,3.477879
2009-09-23,5.22,5.30,4.94,4.96,33900,3.45697
2009-09-22,5.05,5.30,4.97,5.22,76400,3.638182
2009-09-21,4.97,5.19,4.94,5.05,38800,3.519697
2009-09-18,4.74,5.02,4.73,5.02,28000,3.498788
2009-09-17,5.24,5.29,4.68,4.68,81000,3.261818
2009-09-16,5.22,5.42,5.14,5.30,42800,3.693939
2009-09-15,5.21,5.24,5.15,5.18,6700,3.610303
2009-09-14,5.23,5.33,5.15,5.17,24300,3.603333
2009-09-11,5.59,5.61,5.19,5.23,13200,3.645151
2009-09-10,5.83,5.94,5.50,5.52,50900,3.847273
2009-09-09,5.00,6.00,4.98,5.91,124300,4.119091
2009-09-08,4.55,5.05,4.44,4.94,39900,3.44303
2009-09-04,4.01,5.04,3.99,4.55,135100,3.171212
2009-09-03,3.59,4.00,3.54,4.00,69700,2.787879
2009-09-02,3.65,3.65,3.55,3.58,44200,2.495151
2009-09-01,3.78,3.80,3.65,3.65,18200,2.543939
2009-08-31,3.78,3.94,3.73,3.74,38000,2.606667
2009-08-28,3.89,3.92,3.85,3.87,14900,2.697273
2009-08-27,3.89,4.00,3.88,3.92,35900,2.732121
2009-08-26,3.90,3.97,3.85,3.90,31200,2.718182
2009-08-25,4.00,4.01,3.85,3.85,39700,2.683333
2009-08-24,3.95,4.01,3.85,4.01,15200,2.794849
2009-08-21,3.85,4.02,3.85,3.86,18900,2.690303
2009-08-20,3.99,4.02,3.81,3.88,24100,2.704242
2009-08-19,3.76,3.99,3.70,3.92,23400,2.732121
2009-08-18,3.58,3.91,3.58,3.91,29700,2.725152
2009-08-17,3.55,3.60,3.51,3.58,19600,2.495151
2009-08-14,3.75,3.77,3.60,3.68,30600,2.564848
2009-08-13,3.90,3.92,3.75,3.79,43100,2.641515
2009-08-12,3.99,4.08,3.85,3.85,40400,2.683333
2009-08-11,4.06,4.09,3.80,4.09,50200,2.850606
2009-08-10,4.02,4.10,4.02,4.06,9100,2.829697
2009-08-07,4.10,4.13,4.05,4.13,27700,2.878485
2009-08-06,4.04,4.10,3.85,4.10,27600,2.857576
2009-08-05,4.08,4.10,3.96,4.08,26000,2.843636
2009-08-04,3.80,4.15,3.80,3.81,45700,2.655454
2009-08-03,3.68,4.01,3.68,3.90,52800,2.718182
2009-07-31,4.20,4.38,3.34,3.59,274400,2.502121
2009-07-30,4.10,4.83,4.03,4.23,101200,2.948182
2009-07-29,4.30,4.30,4.03,4.10,18800,2.857576
2009-07-28,4.12,4.33,4.12,4.32,13700,3.010909
2009-07-27,4.01,4.13,4.01,4.13,5900,2.878485
2009-07-24,3.98,4.02,3.90,4.00,12300,2.787879
2009-07-23,3.90,4.14,3.61,3.86,62200,2.690303
2009-07-22,4.05,4.26,3.55,3.82,141600,2.662424
2009-07-21,4.03,4.39,3.80,4.01,51800,2.794849
2009-07-20,4.10,4.15,4.03,4.06,6800,2.829697
2009-07-17,4.15,4.18,4.03,4.05,10000,2.822727
2009-07-16,4.10,4.16,4.02,4.02,16700,2.801818
2009-07-15,4.19,4.36,4.04,4.07,3400,2.836667
2009-07-14,4.08,4.16,3.98,4.02,7400,2.801818
2009-07-13,4.05,4.05,3.98,4.02,1500,2.801818
2009-07-10,4.06,4.06,3.94,3.97,17900,2.76697
2009-07-09,4.06,4.07,4.02,4.02,1300,2.801818
2009-07-08,4.26,4.26,3.89,3.99,7000,2.780909
2009-07-07,4.13,4.15,4.00,4.01,11200,2.794849
2009-07-06,3.92,4.02,3.80,3.97,14800,2.76697
2009-07-02,4.14,4.14,3.99,4.00,28000,2.787879
2009-07-01,4.39,4.41,4.11,4.11,8500,2.864546
2009-06-30,4.54,4.56,4.15,4.47,23300,3.115454
2009-06-29,4.25,4.99,4.25,4.40,11000,3.066667
2009-06-26,4.43,4.71,4.17,4.17,73400,2.906364
2009-06-25,4.33,4.42,4.16,4.42,5800,3.080606
2009-06-24,4.56,4.56,4.16,4.24,4000,2.955151
2009-06-23,4.22,4.26,4.11,4.11,5000,2.864546
2009-06-22,4.43,4.43,4.20,4.20,3800,2.927273
2009-06-19,4.43,4.49,4.26,4.45,9900,3.101515
2009-06-18,4.43,4.46,4.07,4.24,24300,2.955151
2009-06-17,4.61,4.61,4.03,4.35,58400,3.031818
2009-06-16,4.42,4.45,4.18,4.33,13800,3.017879
2009-06-15,4.54,4.60,4.36,4.36,20300,3.038788
2009-06-12,4.99,4.99,4.80,4.83,11000,3.366364
2009-06-11,4.98,5.01,4.78,4.97,48600,3.463939
2009-06-10,4.90,5.01,4.90,4.97,31500,3.463939
2009-06-09,4.80,4.96,4.49,4.91,35000,3.422121
2009-06-08,4.70,4.81,4.70,4.79,12500,3.338485
2009-06-05,4.66,4.84,4.63,4.64,27400,3.233939
2009-06-04,4.58,4.85,4.35,4.85,37600,3.380303
2009-06-03,4.40,4.61,4.32,4.50,44300,3.136364
2009-06-02,4.32,4.43,4.32,4.40,28800,3.066667
2009-06-01,4.43,4.57,4.33,4.33,33900,3.017879
2009-05-29,4.50,4.57,4.29,4.57,14700,3.185152
2009-05-28,4.50,4.58,4.26,4.48,7300,3.122424
2009-05-27,4.12,4.60,4.12,4.42,52000,3.080606
2009-05-26,4.29,4.36,4.15,4.36,15200,3.038788
2009-05-22,4.35,4.38,4.18,4.29,18000,2.99
2009-05-21,4.69,4.77,4.43,4.45,43200,3.101515
2009-05-20,4.53,4.71,4.49,4.65,17400,3.240909
2009-05-19,4.25,4.52,4.25,4.49,29200,3.129394
2009-05-18,4.27,4.52,4.26,4.41,35500,3.073636
2009-05-15,4.47,4.47,4.37,4.39,14900,3.059697
2009-05-14,4.35,4.46,4.33,4.41,12600,3.073636
2009-05-13,4.39,4.50,4.34,4.49,13200,3.129394
2009-05-12,4.52,4.58,4.38,4.50,100700,3.136364
2009-05-11,4.45,4.52,4.42,4.52,33700,3.150303
2009-05-08,4.56,4.57,4.48,4.49,17700,3.129394
2009-05-07,4.77,4.79,4.51,4.55,9400,3.171212
2009-05-06,4.68,4.97,4.64,4.84,28900,3.373333
2009-05-05,4.76,4.81,4.41,4.52,28100,3.150303
2009-05-04,4.75,5.30,4.74,4.75,37200,3.310606
2009-05-01,4.80,5.00,4.55,4.73,39000,3.296667
2009-04-30,4.54,5.03,4.54,4.80,14700,3.345455
2009-04-29,4.67,5.06,4.67,4.74,14500,3.303636
2009-04-28,4.87,4.94,4.69,4.74,9500,3.303636
2009-04-27,4.98,4.99,4.84,4.91,6800,3.422121
2009-04-24,4.83,5.16,4.83,4.97,5000,3.463939
2009-04-23,5.43,5.44,4.92,5.00,23200,3.484848
2009-04-22,5.50,5.67,5.47,5.59,7500,3.896061
2009-04-21,5.43,5.59,5.43,5.50,45900,3.833333
2009-04-20,5.47,5.70,5.32,5.52,5300,3.847273
2009-04-17,5.72,5.80,5.69,5.71,32800,3.979697
2009-04-16,5.69,5.82,5.67,5.71,7000,3.979697
2009-04-15,5.58,5.73,5.40,5.71,9400,3.979697
2009-04-14,5.90,5.90,5.65,5.65,74900,3.937879
2009-04-13,5.65,5.72,5.62,5.62,1600,3.91697
2009-04-09,5.62,5.89,5.54,5.68,46700,3.958788
2009-04-08,5.47,5.69,5.47,5.61,39900,3.91
2009-04-07,5.28,5.76,5.28,5.47,15100,3.812424
2009-04-06,5.14,5.21,5.12,5.19,3000,3.617273
2009-04-03,5.07,5.44,4.99,5.19,27300,3.617273
2009-04-02,4.65,5.13,4.65,5.03,22600,3.505758
2009-04-01,4.20,4.62,4.02,4.58,53500,3.192121
2009-03-31,4.50,4.50,4.14,4.20,9700,2.927273
2009-03-30,4.28,4.50,4.25,4.50,16400,3.136364
2009-03-27,4.39,4.39,4.20,4.29,4000,2.99
2009-03-26,4.40,4.74,4.40,4.53,7700,3.157273
2009-03-25,4.28,4.50,4.15,4.32,9900,3.010909
2009-03-24,4.16,4.33,4.16,4.22,9000,2.941212
2009-03-23,3.99,4.25,3.92,4.23,19100,2.948182
2009-03-20,3.93,4.16,3.88,3.90,9300,2.718182
2009-03-19,4.01,4.04,3.88,3.98,18100,2.773939
2009-03-18,3.97,4.11,3.95,4.11,26500,2.864546
2009-03-17,4.48,4.48,4.25,4.29,16100,2.99
2009-03-16,4.24,4.47,3.99,4.32,18000,3.010909
2009-03-13,4.48,4.50,3.91,4.19,32300,2.920303
2009-03-12,3.90,4.12,3.28,3.99,40000,2.780909
2009-03-11,3.96,4.05,3.93,3.94,38300,2.746061
2009-03-10,3.91,3.99,3.88,3.99,9600,2.780909
2009-03-09,3.98,4.09,3.81,3.84,45700,2.676364
2009-03-06,4.39,4.39,3.96,3.96,44400,2.76
2009-03-05,4.40,4.46,4.25,4.35,33800,3.031818
2009-03-04,4.40,4.45,4.12,4.45,35200,3.101515
2009-03-03,4.96,5.05,4.33,4.33,55000,3.017879
2009-03-02,5.01,5.04,4.85,4.98,18800,3.470909
2009-02-27,5.15,5.19,5.02,5.17,19000,3.603333
2009-02-26,4.98,5.16,4.98,5.06,24500,3.526667
2009-02-25,5.16,5.16,4.98,5.00,34200,3.484848
2009-02-24,5.81,5.81,5.01,5.18,69300,3.610303
2009-02-23,5.62,5.79,5.33,5.38,24700,3.749697
2009-02-20,5.67,5.85,5.47,5.55,49800,3.868182
2009-02-19,5.69,5.92,5.38,5.75,147500,4.007576
2009-02-18,5.53,5.69,5.48,5.55,131400,3.868182
2009-02-17,5.23,5.80,5.20,5.44,139200,3.791515
2009-02-13,4.66,6.06,4.66,5.38,174800,3.749697
2009-02-12,4.30,4.70,4.14,4.64,106000,3.233939
2009-02-11,4.09,4.38,4.09,4.30,56400,2.99697
2009-02-10,3.81,4.13,3.81,3.98,45500,2.773939
2009-02-09,4.00,4.13,3.93,3.93,24000,2.739091
2009-02-06,4.01,4.22,3.86,3.88,66700,2.704242
2009-02-05,3.64,4.03,3.64,3.93,43900,2.739091
2009-02-04,3.38,3.85,3.32,3.65,102700,2.543939
2009-02-03,3.21,3.33,3.12,3.32,66300,2.313939
2009-02-02,3.15,3.28,3.11,3.19,46600,2.223333
2009-01-30,3.19,3.26,3.01,3.11,70300,2.167576
2009-01-29,3.37,3.49,2.88,3.18,339100,2.216364
2009-01-28,2.73,2.86,2.52,2.62,92300,1.826061
2009-01-27,2.74,2.91,2.56,2.60,87200,1.812121
2009-01-26,2.99,3.05,2.60,2.74,47000,1.909697
2009-01-23,3.24,3.49,2.77,2.86,121900,1.993333
2009-01-22,3.76,3.76,3.16,3.18,31600,2.216364
2009-01-21,3.47,3.95,3.42,3.71,20300,2.585758
2009-01-20,3.43,3.61,3.41,3.48,15500,2.425455
2009-01-16,3.68,3.70,3.42,3.47,38800,2.418485
2009-01-15,3.41,3.80,3.33,3.80,27300,2.648485
2009-01-14,3.71,3.71,3.41,3.41,10600,2.376667
2009-01-13,3.63,3.84,3.36,3.84,61000,2.676364
2009-01-12,3.47,3.71,3.41,3.70,54800,2.578788
2009-01-09,3.65,3.65,3.46,3.49,9800,2.432424
2009-01-08,3.63,3.75,3.52,3.55,21900,2.474242
2009-01-07,3.56,3.80,3.50,3.59,25200,2.502121
2009-01-06,3.66,3.75,3.57,3.58,29500,2.495151
2009-01-05,3.87,3.90,3.45,3.58,70700,2.495151
2009-01-02,3.32,4.00,3.32,3.95,50000,2.75303
2008-12-31,3.48,3.95,3.04,3.95,72800,2.75303
2008-12-30,3.35,3.69,3.35,3.48,32400,2.425455
2008-12-29,3.43,4.05,3.02,3.30,48100,2.30
2008-12-26,3.79,4.00,3.77,3.98,10100,2.773939
2008-12-24,3.17,4.00,3.17,3.85,10000,2.683333
2008-12-23,3.78,3.99,3.35,3.59,35500,2.502121
2008-12-22,3.53,4.02,3.53,3.70,99500,2.578788
2008-12-19,4.12,4.15,3.31,3.52,64100,2.453333
2008-12-18,4.01,4.10,3.72,3.98,56300,2.773939
2008-12-17,3.85,4.08,3.85,3.96,59100,2.76
2008-12-16,4.04,4.12,3.72,3.95,48200,2.75303
2008-12-15,3.65,4.06,3.65,3.89,24000,2.711212
2008-12-12,3.44,3.93,3.44,3.67,30600,2.557879
2008-12-11,4.07,4.15,3.55,3.55,23400,2.474242
2008-12-10,4.05,4.19,3.91,3.95,16700,2.75303
2008-12-09,3.85,4.28,3.85,3.98,56600,2.773939
2008-12-08,4.13,4.47,4.00,4.00,38000,2.787879
2008-12-05,4.11,4.40,4.01,4.17,23000,2.906364
2008-12-04,4.54,4.57,4.01,4.26,37600,2.969091
2008-12-03,4.54,4.70,4.19,4.42,21200,3.080606
2008-12-02,4.40,4.56,4.12,4.54,25500,3.164242
2008-12-01,3.98,4.43,3.98,4.30,54800,2.99697
2008-11-28,3.65,4.10,3.65,4.09,33100,2.850606
2008-11-26,3.40,3.68,3.40,3.65,39500,2.543939
2008-11-25,3.56,3.60,3.43,3.50,55800,2.439394
2008-11-24,3.66,3.67,3.35,3.55,76900,2.474242
2008-11-21,3.86,4.00,3.41,3.59,93700,2.502121
2008-11-20,4.49,4.99,3.38,3.84,118300,2.676364
2008-11-19,4.56,4.56,4.14,4.47,28300,3.115454
2008-11-18,4.68,4.69,4.31,4.59,73000,3.199091
2008-11-17,4.86,5.18,4.61,4.71,28400,3.282727
2008-11-14,5.55,5.61,4.98,4.98,40500,3.470909
2008-11-13,5.46,5.58,4.98,5.58,52700,3.889091
2008-11-12,5.92,5.93,5.32,5.35,17900,3.728788
2008-11-11,5.77,6.35,5.64,6.02,59200,4.195758
2008-11-10,5.91,6.13,5.74,5.87,13500,4.091212
2008-11-07,6.02,6.05,5.75,5.89,12600,4.105151
2008-11-06,6.51,6.79,6.05,6.05,24200,4.216667
2008-11-05,6.14,7.02,6.14,6.64,63000,4.627879
2008-11-04,5.96,6.41,5.96,6.24,37800,4.349091
2008-11-03,6.07,6.43,5.89,5.93,27100,4.13303
2008-10-31,5.74,6.29,5.74,6.15,29600,4.286364
2008-10-30,6.44,6.44,5.85,5.85,67100,4.077273
2008-10-29,6.05,6.73,6.05,6.45,18500,4.495454
2008-10-28,6.15,6.15,5.70,6.07,84400,4.230606
2008-10-27,6.36,6.47,6.00,6.00,13400,4.181818
2008-10-24,6.50,6.84,6.39,6.47,26000,4.509394
2008-10-23,6.93,7.20,6.76,6.78,44200,4.725455
2008-10-22,7.34,7.34,6.85,7.06,29700,4.920606
2008-10-21,7.25,7.50,6.83,7.06,87100,4.920606
2008-10-20,7.25,7.65,7.25,7.27,156200,5.06697
2008-10-17,6.71,7.33,6.71,7.06,205500,4.920606
2008-10-16,5.97,6.74,5.80,6.70,35200,4.669697
2008-10-15,7.00,7.02,5.86,5.86,43900,4.084242
2008-10-14,7.13,7.24,6.89,7.10,79600,4.948485
2008-10-13,6.99,7.02,6.70,6.99,79900,4.871818
2008-10-10,6.74,7.15,6.51,6.76,121900,4.711515
2008-10-09,6.79,7.28,6.10,7.12,145900,4.962424
2008-10-08,5.46,6.93,5.46,6.76,147400,4.711515
2008-10-07,5.62,5.82,5.50,5.55,93100,3.868182
2008-10-06,5.59,5.85,5.56,5.76,152000,4.014546
2008-10-03,5.59,5.93,5.50,5.60,122000,3.90303
2008-10-02,5.43,5.72,5.42,5.67,49900,3.951818
2008-10-01,5.34,5.60,5.32,5.52,59100,3.847273
2008-09-30,5.40,5.48,5.40,5.45,36100,3.798485
2008-09-29,5.40,5.54,5.27,5.40,72000,3.763636
2008-09-26,5.39,5.76,5.39,5.57,44400,3.882121
2008-09-25,5.55,5.70,5.40,5.42,36500,3.777576
2008-09-24,5.85,5.99,5.53,5.55,29900,3.868182
2008-09-23,5.66,6.11,5.50,5.75,70200,4.007576
2008-09-22,5.66,5.86,5.33,5.50,51300,3.833333
2008-09-19,6.00,6.25,5.05,5.74,344300,4.000606
2008-09-18,4.95,6.99,4.74,6.21,470800,4.328182
2008-09-17,4.77,5.01,4.52,4.88,148900,3.401212
2008-09-16,5.14,5.90,4.80,4.95,187200,3.45
2008-09-15,5.95,6.56,5.68,5.90,299800,3.415152
2008-09-12,6.05,6.09,5.85,6.08,344900,3.519343
2008-09-11,6.02,6.18,5.85,5.99,136700,3.467247
2008-09-10,7.05,7.06,6.02,6.14,419400,3.554073
2008-09-09,6.31,7.33,6.30,7.01,421100,4.057663
2008-09-08,6.29,6.41,6.10,6.20,83500,3.588803
2008-09-05,6.02,6.14,5.97,6.05,73800,3.501978
2008-09-04,6.19,6.39,6.05,6.15,88000,3.559861
2008-09-03,6.05,6.43,6.03,6.25,68800,3.617745
2008-09-02,6.11,6.19,6.00,6.04,67400,3.496189
2008-08-29,5.85,6.07,5.74,5.99,52500,3.467247
2008-08-28,5.94,6.01,5.76,5.95,98500,3.444093
2008-08-27,5.56,5.88,5.56,5.82,94300,3.368844
2008-08-26,5.55,5.75,5.50,5.58,75100,3.229923
2008-08-25,6.01,6.01,5.55,5.57,143300,3.224135
2008-08-22,5.95,6.06,5.68,5.85,112500,3.38621
2008-08-21,5.50,6.20,5.02,5.90,232300,3.415152
2008-08-20,6.25,6.60,6.01,6.25,163500,3.617745
2008-08-19,8.43,8.66,5.92,6.17,535300,3.571438
2008-08-18,8.73,8.73,8.38,8.52,100500,4.931711
2008-08-15,8.75,8.75,8.58,8.63,58100,4.995383
2008-08-14,8.65,9.09,8.41,8.65,94500,5.006959
2008-08-13,8.65,9.18,8.37,8.73,64500,5.053266
2008-08-12,8.47,8.97,8.27,8.67,96600,5.018536
2008-08-11,8.49,8.99,8.37,8.46,206500,4.89698
2008-08-08,8.10,8.77,7.82,8.45,59800,4.891191
2008-08-07,8.25,8.28,7.89,8.08,79900,4.677021
2008-08-06,8.47,8.75,8.04,8.42,68300,4.873826
2008-08-05,7.80,8.73,7.75,8.37,115600,4.844884
2008-08-04,7.80,8.09,7.43,7.72,79700,4.468639
2008-08-01,7.37,8.14,7.26,7.72,184500,4.468639
2008-07-31,7.15,7.15,6.31,6.63,135600,3.837704
2008-07-30,6.26,7.52,6.15,7.36,180000,4.260257
2008-07-29,5.50,6.47,5.50,6.42,615500,3.716148
2008-07-28,5.73,5.83,5.35,5.47,66900,3.166251
2008-07-25,5.68,5.91,5.44,5.61,153600,3.247288
2008-07-24,6.15,6.15,5.30,5.58,315300,3.229923
2008-07-23,6.27,6.30,6.00,6.08,1990300,3.519343
2008-07-22,6.11,6.47,6.11,6.25,106800,3.617745
2008-07-21,6.39,6.39,6.03,6.20,54300,3.588803
2008-07-18,6.15,6.40,6.08,6.38,65400,3.692994
2008-07-17,5.96,6.28,5.96,6.13,134100,3.548285
2008-07-16,5.56,6.17,5.54,5.95,137000,3.444093
2008-07-15,5.74,5.81,5.43,5.51,74800,3.189404
2008-07-14,5.97,6.27,5.85,5.85,47100,3.38621
2008-07-11,6.11,6.26,5.75,5.82,142000,3.368844
2008-07-10,6.20,6.37,6.05,6.19,75500,3.583015
2008-07-09,6.27,6.43,5.96,6.16,92500,3.56565
2008-07-08,5.57,6.45,5.57,6.30,137400,3.646687
2008-07-07,5.75,5.98,5.31,5.61,183300,3.247288
2008-07-03,6.14,6.14,5.75,5.75,68000,3.328326
2008-07-02,5.91,6.12,5.66,5.82,171200,3.368844
2008-07-01,6.36,6.44,5.96,5.96,195500,3.449882
2008-06-30,6.63,7.05,6.39,6.45,133700,3.733513
2008-06-27,7.14,7.28,6.57,6.57,1759500,3.802974
2008-06-26,6.95,7.20,6.70,7.14,122000,4.132912
2008-06-25,7.45,7.81,6.97,7.06,336400,4.086605
2008-06-24,7.00,7.61,6.81,7.42,251400,4.294987
2008-06-23,7.08,7.28,6.75,7.06,126900,4.086605
2008-06-20,6.92,7.31,6.89,7.03,281600,4.06924
2008-06-19,6.64,7.30,6.60,6.98,147400,4.040298
2008-06-18,6.82,7.03,6.60,6.68,147900,3.866646
2008-06-17,7.11,7.25,6.88,6.90,100900,3.993991
2008-06-16,7.51,7.52,7.06,7.09,125500,4.10397
2008-06-13,7.67,7.67,7.41,7.55,137600,4.370236
2008-06-12,7.70,7.89,7.50,7.51,92000,4.347083
2008-06-11,7.53,7.75,7.50,7.62,25600,4.410755
2008-06-10,7.49,7.89,7.43,7.56,44800,4.376025
2008-06-09,7.65,7.73,7.37,7.65,48600,4.42812
2008-06-06,8.05,8.19,7.64,7.64,78400,4.422332
2008-06-05,7.91,8.13,7.84,8.12,91000,4.700175
2008-06-04,7.54,7.92,7.53,7.87,34000,4.555465
2008-06-03,7.71,7.83,7.42,7.55,52800,4.370236
2008-06-02,7.64,7.85,7.46,7.68,88600,4.445485
2008-05-30,7.67,7.85,7.53,7.74,98600,4.480216
2008-05-29,7.51,7.66,7.50,7.66,25600,4.433909
2008-05-28,7.64,7.79,7.46,7.52,56400,4.352871
2008-05-27,7.57,8.07,7.36,7.59,54200,4.39339
2008-05-23,7.85,8.02,7.24,7.58,121300,4.387601
2008-05-22,8.17,8.23,7.85,7.92,61900,4.584407
2008-05-21,8.38,8.43,8.00,8.14,53900,4.711752
2008-05-20,8.25,8.46,8.08,8.29,41500,4.798577
2008-05-19,8.36,8.65,8.20,8.24,82500,4.769635
2008-05-16,8.65,8.69,8.33,8.38,84400,4.850673
2008-05-15,8.49,8.74,8.46,8.58,41200,4.966441
2008-05-14,8.30,8.91,8.30,8.51,57400,4.925922
2008-05-13,8.72,8.87,8.46,8.60,65800,4.978018
2008-05-12,8.88,9.13,8.39,8.45,118500,4.891191
2008-05-09,8.55,8.95,8.33,8.82,85600,5.105362
2008-05-08,8.15,8.70,8.15,8.68,197600,5.024325
2008-05-07,9.70,9.70,8.00,8.14,360000,4.711752
2008-05-06,9.17,10.15,9.17,9.72,159200,5.626318
2008-05-05,9.96,10.15,9.07,9.25,109900,5.354263
2008-05-02,10.19,10.55,9.83,9.86,122700,5.707355
2008-05-01,9.26,10.17,9.12,9.94,64900,5.753662
2008-04-30,9.20,9.69,9.11,9.25,111800,5.354263
2008-04-29,9.08,9.33,9.01,9.15,115800,5.296379
2008-04-28,9.52,9.76,9.24,9.41,68400,5.446877
2008-04-25,9.84,9.84,9.29,9.58,110200,5.54528
2008-04-24,9.00,10.01,9.00,9.80,67900,5.672625
2008-04-23,8.70,9.88,8.21,9.02,176000,5.22113
2008-04-22,9.69,9.82,9.00,9.29,99800,5.377417
2008-04-21,10.37,10.37,9.72,9.72,38100,5.626318
2008-04-18,10.17,10.60,10.00,10.41,113400,6.025716
2008-04-17,10.00,10.19,9.74,9.94,108100,5.753662
2008-04-16,10.11,10.20,9.84,10.13,75700,5.863642
2008-04-15,10.01,10.12,9.73,9.99,44700,5.782604
2008-04-14,10.08,10.65,9.76,9.77,128600,5.65526
2008-04-11,10.43,10.75,10.05,10.10,46600,5.846277
2008-04-10,10.30,10.81,10.29,10.53,31500,6.095177
2008-04-09,10.80,10.99,10.30,10.34,58300,5.985198
2008-04-08,10.69,11.16,10.69,10.91,28900,6.315136
2008-04-07,10.64,11.15,10.50,10.73,74100,6.210945
2008-04-04,11.35,11.35,10.46,10.54,74900,6.100966
2008-04-03,11.62,11.65,11.16,11.29,47900,6.535095
2008-04-02,11.32,12.00,11.15,11.75,118500,6.801361
2008-04-01,10.56,11.74,10.56,11.39,156700,6.592979
2008-03-31,10.52,10.98,10.25,10.57,47400,6.118331
2008-03-28,11.48,11.55,10.42,10.43,88600,6.037293
2008-03-27,11.00,11.86,10.84,11.36,130400,6.575614
2008-03-26,10.64,11.26,10.63,11.00,138400,6.367232
2008-03-25,10.88,11.23,10.27,10.71,171500,6.199368
2008-03-24,10.67,11.15,10.57,10.96,191600,6.344078
2008-03-20,11.22,11.22,10.41,10.61,360100,6.141484
2008-03-19,10.21,11.73,10.10,10.98,219500,6.355655
2008-03-18,8.41,10.24,8.41,10.21,76000,5.909949
2008-03-17,8.41,8.91,8.16,8.48,80000,4.908557
2008-03-14,9.32,9.32,8.45,8.64,51300,5.001171
2008-03-13,8.95,9.43,8.49,9.19,80500,5.319532
2008-03-12,8.79,9.45,8.66,9.06,103700,5.244284
2008-03-11,8.13,8.76,8.03,8.76,99100,5.070632
2008-03-10,8.49,8.56,7.88,7.89,66900,4.567042
2008-03-07,8.45,8.85,8.16,8.50,54300,4.920134
2008-03-06,9.49,9.68,8.53,8.53,119100,4.937499
2008-03-05,9.55,9.55,8.86,9.52,130800,5.51055
2008-03-04,8.89,9.74,8.89,9.48,134800,5.487396
2008-03-03,9.11,9.26,8.42,9.00,106800,5.209553
2008-02-29,9.06,9.34,8.91,9.05,77000,5.238495
2008-02-28,9.68,9.77,9.10,9.13,97900,5.284802
2008-02-27,9.62,10.09,9.53,9.72,46100,5.626318
2008-02-26,9.45,9.87,9.01,9.75,97500,5.643683
2008-02-25,8.73,9.60,8.60,9.56,144000,5.533703
2008-02-22,8.21,8.88,8.16,8.78,228900,5.082208
2008-02-21,8.08,8.33,7.73,7.77,158500,4.497581
2008-02-20,8.18,8.30,7.95,8.05,89100,4.659656
2008-02-19,8.61,8.67,8.20,8.22,52600,4.758059
2008-02-15,8.56,8.67,8.25,8.48,108500,4.908557
2008-02-14,8.12,8.68,8.08,8.64,141400,5.001171
2008-02-13,8.09,8.26,7.89,8.13,112600,4.705963
2008-02-12,8.33,8.37,7.91,8.01,98300,4.636502
2008-02-11,8.25,8.26,7.90,8.20,161800,4.746482
2008-02-08,8.52,8.60,8.20,8.37,170700,4.844884
2008-02-07,8.78,8.86,8.44,8.60,239600,4.978018
2008-02-06,9.42,9.55,8.59,8.77,162000,5.07642
2008-02-05,10.01,10.11,9.25,9.31,177500,5.388994
2008-02-04,10.67,11.11,9.96,10.12,224800,5.857853
2008-02-01,11.23,11.44,10.62,10.73,157300,6.210945
2008-01-31,11.45,11.72,11.03,11.23,307300,6.500364
2008-01-30,11.96,12.61,11.52,11.74,219700,6.795573
2008-01-29,11.34,12.17,11.25,11.97,163700,6.928706
2008-01-28,11.49,11.73,11.22,11.32,96900,6.55246
2008-01-25,11.74,12.30,11.30,11.47,129400,6.639286
2008-01-24,11.97,12.30,11.58,11.65,182000,6.743477
2008-01-23,10.36,12.05,10.36,11.74,163100,6.795573
2008-01-22,9.80,10.90,9.80,10.62,202700,6.147273
2008-01-18,10.18,10.38,9.86,10.22,186100,5.915737
2008-01-17,10.79,10.97,10.09,10.22,248800,5.915737
2008-01-16,9.46,12.50,9.45,10.91,442500,6.315136
2008-01-15,9.26,9.70,9.26,9.50,120700,5.498973
2008-01-14,9.28,9.50,9.07,9.40,193100,5.441089
2008-01-11,9.18,9.46,9.08,9.22,193600,5.336898
2008-01-10,9.04,9.34,9.04,9.14,221700,5.290591
2008-01-09,9.11,9.27,9.11,9.16,232100,5.302167
2008-01-08,9.07,9.52,9.04,9.15,181000,5.296379
2008-01-07,9.14,9.45,9.04,9.09,202500,5.261649
2008-01-04,9.23,9.41,9.05,9.11,184500,5.273225
2008-01-03,9.47,9.90,9.28,9.30,262500,5.383205
2008-01-02,9.64,9.88,9.39,9.43,207900,5.458454
2007-12-31,9.28,9.79,9.25,9.69,145200,5.608952
2007-12-28,9.59,9.70,9.28,9.32,136800,5.394782
2007-12-27,9.79,9.84,9.46,9.55,131800,5.527915
2007-12-26,9.86,10.00,9.62,9.87,206100,5.713143
2007-12-24,9.85,10.02,9.67,9.97,130000,5.771027
2007-12-21,9.90,10.00,9.75,9.88,340800,5.718932
2007-12-20,9.36,9.75,9.19,9.71,314100,5.620529
2007-12-19,9.42,9.53,9.12,9.25,216100,5.354263
2007-12-18,9.42,9.63,9.00,9.24,564400,5.348474
2007-12-17,9.77,9.87,9.31,9.31,298700,5.388994
2007-12-14,9.76,10.15,9.65,9.85,239200,5.701567
2007-12-13,10.00,10.13,9.59,9.90,280100,5.730508
2007-12-12,10.02,10.15,9.66,9.98,313400,5.776815
2007-12-11,10.36,10.39,9.73,9.73,388500,5.632106
2007-12-10,10.96,10.96,10.11,10.36,406200,5.996774
2007-12-07,11.00,11.24,10.60,10.83,597500,6.268829
2007-12-06,12.80,12.80,10.63,10.93,1677000,6.326713
2007-12-05,12.85,13.88,12.76,13.71,144300,7.935886
2007-12-04,13.05,13.23,12.70,13.08,89900,7.571217
2007-12-03,14.05,14.14,13.07,13.22,245000,7.652255
2007-11-30,14.07,14.33,13.74,14.23,160800,8.236882
2007-11-29,15.00,15.00,13.78,13.86,117800,8.022712
2007-11-28,14.23,14.30,13.75,14.23,136400,8.236882
2007-11-27,13.94,14.25,13.76,14.05,106800,8.132691
2007-11-26,13.96,14.30,13.64,13.77,121500,7.970617
2007-11-23,14.00,14.20,13.62,14.01,62000,8.109538
2007-11-21,13.93,14.00,13.47,13.88,116700,8.034289
2007-11-20,14.68,15.46,13.55,14.00,268700,8.103749
2007-11-19,15.15,15.15,14.33,14.76,268400,8.543667
2007-11-16,15.25,15.82,15.01,15.19,150600,8.792568
2007-11-15,15.66,15.96,15.06,15.22,312500,8.809933
2007-11-14,15.75,16.200001,15.67,15.70,425600,9.087776
2007-11-13,16.030001,16.34,15.02,15.64,319400,9.053046
2007-11-12,16.440001,16.440001,15.37,15.71,367300,9.093565
2007-11-09,16.49,17.51,16.209999,16.52,122500,9.562425
2007-11-08,17.049999,17.24,16.110001,16.92,248700,9.79396
2007-11-07,17.84,19.24,17.10,17.139999,309200,9.921304
2007-11-06,20.40,20.48,18.50,19.110001,297900,11.061618
2007-11-05,21.129999,21.73,20.23,20.40,154600,11.80832
2007-11-02,21.440001,22.200001,21.200001,21.459999,60800,12.42189
2007-11-01,21.389999,21.92,20.780001,21.139999,189100,12.236661
2007-10-31,21.60,22.190001,21.200001,21.620001,129400,12.514505
2007-10-30,20.719999,21.60,20.719999,21.50,73700,12.445044
2007-10-29,20.50,21.120001,20.50,20.90,85300,12.09774
2007-10-26,20.08,20.889999,19.77,20.290001,47600,11.744649
2007-10-25,19.74,20.25,19.48,19.780001,37800,11.449441
2007-10-24,19.219999,19.99,18.90,19.73,47600,11.420498
2007-10-23,18.90,19.74,18.280001,19.389999,61600,11.223693
2007-10-22,18.26,18.92,17.93,18.790001,242000,10.87639
2007-10-19,18.83,18.83,17.98,18.530001,121600,10.725892
2007-10-18,18.43,18.85,18.040001,18.85,65100,10.91112
2007-10-17,18.719999,18.870001,18.00,18.50,118000,10.708526
2007-10-16,19.120001,19.15,18.33,18.469999,126900,10.69116
2007-10-15,19.209999,19.99,18.92,19.129999,70200,11.073194
2007-10-12,19.02,19.60,18.780001,19.280001,98300,11.160021
2007-10-11,20.18,20.43,18.58,19.01,269500,11.003734
2007-10-10,20.450001,20.68,19.98,20.120001,161400,11.646246
2007-10-09,19.90,20.76,19.75,20.42,135400,11.819897
2007-10-08,19.66,20.450001,19.48,19.799999,130900,11.461017
2007-10-05,19.60,19.969999,19.17,19.66,99900,11.379979
2007-10-04,18.950001,19.780001,18.60,19.42,126000,11.241058
2007-10-03,19.74,20.00,18.84,18.84,123500,10.905331
2007-10-02,19.10,20.459999,19.10,19.889999,178500,11.513112
2007-10-01,18.93,19.60,18.34,19.00,299500,10.997946
2007-09-28,18.780001,19.549999,18.76,18.969999,98300,10.98058
2007-09-27,17.92,18.969999,17.66,18.889999,159900,10.934273
2007-09-26,18.540001,18.620001,17.549999,17.879999,158300,10.349645
2007-09-25,18.030001,18.629999,17.91,18.34,83700,10.615912
2007-09-24,19.52,19.58,17.879999,18.110001,169800,10.482779
2007-09-21,18.280001,19.889999,17.73,19.549999,205700,11.316307
2007-09-20,17.280001,18.950001,16.91,18.110001,226600,10.482779
2007-09-19,17.60,17.76,17.00,17.23,150200,9.9734
2007-09-18,17.370001,17.549999,17.25,17.40,271000,10.071803
2007-09-17,17.60,17.60,16.98,17.34,166600,10.037073
2007-09-14,17.59,17.90,17.110001,17.67,86100,10.228089
2007-09-13,18.01,18.35,17.42,17.809999,112400,10.309127
2007-09-12,17.450001,18.40,17.379999,17.950001,116800,10.390165
2007-09-11,17.719999,17.719999,17.370001,17.49,109200,10.123898
2007-09-10,17.540001,17.82,17.219999,17.59,89200,10.181782
2007-09-07,18.09,18.459999,17.309999,17.459999,132400,10.106533
2007-09-06,18.110001,18.52,17.90,18.41,97200,10.65643
2007-09-05,18.83,19.42,18.00,18.09,146800,10.471202
2007-09-04,18.02,18.860001,18.02,18.83,168700,10.899543
2007-08-31,18.33,18.75,17.84,18.059999,104700,10.453836
2007-08-30,17.92,18.60,17.92,18.10,176200,10.476991
2007-08-29,17.73,18.25,17.51,18.129999,136700,10.494355
2007-08-28,17.049999,17.870001,17.01,17.59,205000,10.181782
2007-08-27,16.620001,17.59,16.620001,17.200001,90000,9.956035
2007-08-24,16.379999,17.110001,16.35,16.709999,109100,9.672403
2007-08-23,16.24,16.49,16.08,16.41,91000,9.498752
2007-08-22,16.09,16.459999,15.92,16.200001,196800,9.377196
2007-08-21,16.030001,16.200001,15.71,16.00,172000,9.261428
2007-08-20,16.75,17.280001,15.42,15.70,201000,9.087776
2007-08-17,16.299999,17.35,14.37,16.59,334100,9.602943
2007-08-16,14.75,15.33,14.26,14.79,313200,8.561032
2007-08-15,15.56,16.00,14.75,14.84,331700,8.589974
2007-08-14,16.73,16.73,15.42,15.56,469200,9.006739
2007-08-13,21.00,21.00,15.84,15.90,418800,9.203544
2007-08-10,22.91,22.91,18.290001,19.83,625100,11.478382
2007-08-09,21.73,23.74,21.73,22.66,1158500,13.116497
2007-08-08,20.25,23.99,19.629999,22.00,1210800,12.734463
2007-08-07,15.04,21.00,14.93,19.99,566200,11.570996
2007-08-06,15.62,15.77,14.93,15.16,386800,8.775203
2007-08-03,16.200001,16.200001,15.48,15.58,316400,9.018315
2007-08-02,16.59,16.67,15.91,16.200001,390900,9.377196
2007-08-01,17.85,18.16,16.360001,16.530001,397600,9.568213
2007-07-31,18.67,18.67,17.719999,17.83,281800,10.320704
2007-07-30,18.27,18.73,17.540001,18.540001,344300,10.73168
2007-07-27,19.780001,19.780001,18.129999,18.209999,431400,10.540662
2007-07-26,18.25,20.059999,18.209999,19.889999,366900,11.513112
2007-07-25,19.27,19.360001,18.32,18.50,362000,10.708526
2007-07-24,19.889999,20.030001,18.870001,19.059999,239500,11.032676
2007-07-23,20.15,20.690001,19.860001,19.98,157600,11.565208
2007-07-20,20.90,21.049999,19.82,19.950001,200700,11.547843
2007-07-19,21.23,21.50,20.91,20.950001,114800,12.126683
2007-07-18,21.24,21.299999,20.799999,21.200001,131500,12.271392
2007-07-17,20.52,21.389999,20.52,21.23,105600,12.288757
2007-07-16,21.459999,21.60,20.48,20.50,202200,11.866204
2007-07-13,21.950001,22.200001,21.290001,21.60,89100,12.502928
2007-07-12,21.52,22.25,21.49,21.969999,124100,12.717098
2007-07-11,21.530001,22.299999,21.18,21.35,133700,12.358218
2007-07-10,22.77,23.00,21.52,21.530001,174800,12.462409
2007-07-09,23.790001,23.790001,22.91,22.93,129500,13.272784
2007-07-06,23.82,23.940001,23.49,23.799999,95500,13.776374
2007-07-05,23.77,23.969999,23.459999,23.870001,70800,13.816893
2007-07-03,23.700001,23.90,23.60,23.780001,42000,13.764798
2007-07-02,23.309999,23.74,23.120001,23.690001,119900,13.712702
2007-06-29,23.09,23.51,22.940001,23.219999,128200,13.440647
2007-06-28,23.65,23.65,22.92,23.059999,110400,13.348033
2007-06-27,22.219999,23.73,22.219999,23.73,271300,13.735855
2007-06-26,22.23,22.58,21.74,22.40,347100,12.965999
2007-06-25,22.780001,23.129999,21.889999,22.00,272300,12.734463
2007-06-22,23.540001,23.66,22.66,22.83,324400,13.2149
2007-06-21,24.08,24.209999,23.40,23.639999,288700,13.683759
2007-06-20,25.280001,25.309999,23.93,24.08,205400,13.938449
2007-06-19,25.360001,25.639999,25.139999,25.26,169800,14.621479
2007-06-18,24.84,25.549999,24.799999,25.50,131700,14.760401
2007-06-15,25.309999,26.040001,24.76,24.790001,265900,14.349425
2007-06-14,25.51,25.610001,24.559999,24.92,308900,14.424674
2007-06-13,25.76,25.790001,25.16,25.51,166200,14.766189
2007-06-12,26.610001,26.82,25.68,25.790001,157200,14.928265
2007-06-11,27.24,27.24,26.60,26.82,163400,15.524468
2007-06-08,27.209999,27.809999,26.809999,27.24,129800,15.767581
2007-06-07,27.00,27.60,26.82,27.309999,189500,15.808099
2007-06-06,27.90,27.90,26.84,27.17,165700,15.727062
2007-06-05,27.26,28.27,27.110001,28.049999,187100,16.23644
2007-06-04,27.459999,27.719999,27.049999,27.280001,186700,15.790735
2007-06-01,26.50,27.549999,26.41,27.52,243500,15.929656
2007-05-31,26.15,26.370001,25.85,26.280001,140400,15.211896
2007-05-30,25.950001,26.290001,25.790001,26.049999,98000,15.078762
2007-05-29,26.00,26.549999,25.90,26.23,108300,15.182953
2007-05-25,26.57,26.67,25.51,25.83,238900,14.951418
2007-05-24,26.82,27.25,26.35,26.440001,273400,15.30451
2007-05-23,26.50,27.17,26.50,26.790001,170100,15.507104
2007-05-22,27.08,27.219999,26.42,26.459999,171600,15.316086
2007-05-21,26.110001,27.57,26.110001,26.969999,215400,15.611294
2007-05-18,25.60,26.18,25.25,26.030001,241100,15.067186
2007-05-17,25.450001,25.84,25.10,25.540001,166400,14.783555
2007-05-16,25.629999,25.790001,25.24,25.57,149000,14.800919
2007-05-15,25.360001,26.01,24.950001,25.50,221300,14.760401
2007-05-14,26.50,26.83,25.200001,25.450001,245900,14.731459
2007-05-11,26.77,27.08,26.09,26.57,213100,15.379758
2007-05-10,26.65,27.02,26.09,26.950001,243500,15.599718
2007-05-09,25.52,26.91,25.10,26.870001,206400,15.553411
2007-05-08,26.799999,26.799999,25.50,25.620001,236300,14.829862
2007-05-07,26.620001,27.10,26.51,26.879999,150200,15.559198
2007-05-04,27.02,27.16,26.35,26.700001,85600,15.455008
2007-05-03,26.549999,27.280001,26.549999,26.91,136400,15.576564
2007-05-02,26.530001,27.059999,26.51,26.629999,165600,15.414489
2007-05-01,27.48,27.83,26.57,26.620001,137700,15.408701
2007-04-30,28.049999,28.32,27.02,27.139999,163400,15.709697
2007-04-27,28.59,29.42,27.85,28.17,341900,16.305902
2007-04-26,24.02,28.549999,23.25,28.540001,574100,16.520073
2007-04-25,25.129999,25.35,24.27,24.40,215000,14.123677
2007-04-24,25.700001,25.780001,25.049999,25.16,151500,14.563595
2007-04-23,25.940001,26.41,25.690001,25.75,84500,14.90511
2007-04-20,25.98,26.120001,25.74,26.09,92000,15.101916
2007-04-19,25.799999,26.17,25.58,25.60,108800,14.818285
2007-04-18,26.620001,26.92,26.00,26.01,68400,15.055609
2007-04-17,26.90,27.34,26.57,26.719999,114400,15.466584
2007-04-16,25.950001,26.889999,25.76,26.82,191100,15.524468
2007-04-13,25.940001,26.02,25.370001,25.860001,66800,14.968783
2007-04-12,25.60,26.01,25.35,25.98,95800,15.038243
2007-04-11,25.959999,26.07,25.559999,25.76,68700,14.910899
2007-04-10,26.01,26.049999,25.82,25.90,64800,14.991936
2007-04-09,26.469999,26.48,26.00,26.00,98100,15.04982
2007-04-05,25.57,26.559999,25.299999,26.49,181400,15.333451
2007-04-04,25.690001,25.99,25.57,25.68,136700,14.864592
2007-04-03,25.75,26.290001,25.41,25.790001,182500,14.928265
2007-04-02,25.129999,25.77,25.08,25.77,139300,14.916688
2007-03-30,25.110001,25.620001,25.040001,25.32,113700,14.656209
2007-03-29,25.33,25.440001,24.83,25.110001,140700,14.534654
2007-03-28,25.50,25.719999,25.02,25.15,125800,14.557807
2007-03-27,26.17,26.200001,25.35,25.68,172000,14.864592
2007-03-26,26.60,27.10,26.200001,26.23,164200,15.182953
2007-03-23,26.15,26.76,26.15,26.65,143900,15.426066
2007-03-22,26.60,26.68,26.040001,26.209999,101500,15.171376
2007-03-21,26.49,26.75,25.780001,26.690001,167200,15.44922
2007-03-20,25.860001,27.209999,25.73,26.49,617200,15.333451
2007-03-19,24.440001,25.98,24.440001,25.690001,284600,14.87038
2007-03-16,24.49,24.889999,24.389999,24.66,157200,14.274176
2007-03-15,24.32,24.73,24.32,24.50,69800,14.181561
2007-03-14,24.450001,24.719999,23.51,24.26,181500,14.04264
2007-03-13,24.51,25.00,24.27,24.360001,195300,14.100524
2007-03-12,24.299999,24.799999,23.860001,24.66,264500,14.274176
2007-03-09,24.200001,24.41,23.83,24.299999,250200,14.065793
2007-03-08,23.639999,24.440001,23.60,24.10,275300,13.950026
2007-03-07,23.10,23.83,22.75,23.459999,531100,13.579568
2007-03-06,19.66,23.25,19.66,23.10,1087600,13.371187
2007-03-05,19.450001,19.57,18.02,19.35,229200,11.20054
2007-03-02,19.889999,20.18,19.48,19.530001,111900,11.304731
2007-03-01,20.790001,20.799999,19.43,20.09,208300,11.62888
2007-02-28,21.23,21.790001,20.629999,20.889999,173900,12.091951
2007-02-27,21.629999,22.129999,21.18,21.32,302000,12.340852
2007-02-26,21.719999,21.870001,21.24,21.85,89000,12.647638
2007-02-23,21.219999,21.700001,21.120001,21.66,101600,12.537658
2007-02-22,20.90,21.209999,20.68,21.209999,84500,12.27718
2007-02-21,21.139999,21.280001,20.77,20.879999,88400,12.086163
2007-02-20,21.15,21.299999,20.629999,21.280001,110900,12.317699
2007-02-16,20.469999,21.219999,20.469999,21.120001,225200,12.225085
2007-02-15,19.790001,20.58,19.790001,20.469999,101100,11.848839
2007-02-14,19.780001,19.91,19.58,19.85,134500,11.489959
2007-02-13,19.49,19.93,19.309999,19.83,105700,11.478382
2007-02-12,19.709999,19.940001,18.90,19.49,136000,11.281577
2007-02-09,19.82,20.200001,19.49,19.85,101800,11.489959
2007-02-08,19.90,19.90,19.35,19.709999,94200,11.408921
2007-02-07,19.389999,19.790001,19.370001,19.790001,113500,11.455229
2007-02-06,19.09,19.530001,19.02,19.33,172400,11.188963
2007-02-05,19.299999,19.610001,18.719999,18.98,221400,10.986369
2007-02-02,18.57,19.879999,18.57,19.41,231900,11.23527
2007-02-01,19.059999,19.99,18.450001,18.559999,252800,10.743256
2007-01-31,18.549999,20.18,18.10,18.969999,514000,10.98058
2007-01-30,18.700001,20.08,18.700001,20.049999,458800,11.605726
2007-01-29,18.90,19.110001,18.58,18.629999,161600,10.783775
2007-01-26,18.43,19.030001,18.209999,19.030001,105800,11.015311
2007-01-25,19.139999,19.299999,18.40,18.43,76400,10.668007
2007-01-24,19.41,19.43,18.58,19.16,112500,11.09056
2007-01-23,18.629999,19.73,18.60,19.40,175300,11.229481
2007-01-22,19.110001,19.110001,18.620001,18.700001,112800,10.824294
2007-01-19,18.50,19.07,18.33,19.059999,91600,11.032676
2007-01-18,19.200001,19.200001,18.43,18.549999,168800,10.737468
2007-01-17,18.40,19.389999,18.16,19.24,260200,11.136867
2007-01-16,17.959999,18.66,17.74,18.58,226700,10.754833
2007-01-12,16.33,17.950001,16.219999,17.93,324400,10.378588
2007-01-11,16.40,16.60,16.26,16.40,113600,9.492963
2007-01-10,16.60,16.73,16.299999,16.309999,275200,9.440868
2007-01-09,16.68,16.84,16.610001,16.76,142000,9.701346
2007-01-08,16.60,16.709999,16.48,16.709999,113200,9.672403
2007-01-05,16.690001,16.700001,16.450001,16.65,126600,9.637673
2007-01-04,16.51,16.75,16.01,16.700001,145600,9.666616
2007-01-03,17.040001,17.09,16.42,16.620001,249100,9.620309
2006-12-29,17.120001,17.24,16.73,17.030001,223200,9.857633
2006-12-28,16.48,17.27,16.43,17.18,141200,9.944458
2006-12-27,16.59,16.620001,16.43,16.559999,149900,9.585578
2006-12-26,16.50,16.73,16.42,16.50,52800,9.550848
2006-12-22,16.68,16.68,16.059999,16.450001,117000,9.521906
2006-12-21,16.629999,16.90,16.530001,16.629999,117600,9.626096
2006-12-20,16.90,16.940001,16.610001,16.68,198200,9.655039
2006-12-19,17.27,17.27,16.629999,16.83,546500,9.741864
2006-12-18,17.879999,17.889999,17.280001,17.40,134800,10.071803
2006-12-15,17.68,17.879999,17.50,17.870001,256200,10.343858
2006-12-14,17.90,17.90,17.559999,17.66,169700,10.222301
2006-12-13,17.969999,17.99,17.68,17.83,156500,10.320704
2006-12-12,17.799999,17.959999,17.440001,17.959999,136800,10.395952
2006-12-11,17.90,17.93,17.700001,17.860001,136100,10.338069
2006-12-08,17.809999,18.00,17.549999,17.940001,165100,10.384376
2006-12-07,16.35,18.190001,15.21,17.889999,513900,10.355434
2006-12-06,17.719999,17.950001,16.99,17.879999,380600,10.349645
2006-12-05,17.01,18.049999,16.74,17.84,331500,10.326492
2006-12-04,15.95,17.040001,15.89,17.040001,174400,9.863421
2006-12-01,15.71,16.00,15.71,16.00,74600,9.261428
2006-11-30,15.87,16.00,15.74,15.76,61900,9.122507
2006-11-29,16.00,16.00,15.76,15.82,82900,9.157237
2006-11-28,15.87,16.049999,15.60,16.030001,68900,9.278793
2006-11-27,15.83,15.98,15.69,15.95,118100,9.232486
2006-11-24,15.87,16.00,15.80,15.92,14400,9.215121
2006-11-22,16.00,16.049999,15.92,15.98,28300,9.249851
2006-11-21,15.96,16.07,15.85,16.00,40900,9.261428
2006-11-20,15.97,16.190001,15.75,15.92,40700,9.215121
2006-11-17,15.94,16.190001,15.90,16.049999,77600,9.290369
2006-11-16,16.00,16.00,15.85,15.94,27900,9.226697
2006-11-15,16.00,16.00,15.86,15.95,59500,9.232486
2006-11-14,15.68,16.00,15.26,16.00,61200,9.261428
2006-11-13,15.46,15.90,15.46,15.71,29300,9.093565
2006-11-10,15.65,15.77,15.46,15.50,47300,8.972008
2006-11-09,15.91,15.92,15.60,15.67,57900,9.070411
2006-11-08,15.86,15.99,15.58,15.91,59300,9.209332
2006-11-07,15.24,15.94,15.24,15.86,68100,9.18039
2006-11-06,15.15,15.32,15.09,15.19,23900,8.792568
2006-11-03,15.24,15.55,15.00,15.17,43200,8.780991
2006-11-02,15.40,15.55,15.14,15.18,64200,8.78678
2006-11-01,16.02,16.08,15.42,15.49,130500,8.96622
2006-10-31,16.01,16.110001,15.71,15.94,70200,9.226697
2006-10-30,15.82,16.15,15.70,15.99,33400,9.255639
2006-10-27,16.389999,16.469999,15.88,15.88,37600,9.191967
2006-10-26,16.120001,16.50,15.80,16.459999,68900,9.527693
2006-10-25,16.18,16.309999,15.81,16.040001,48800,9.284582
2006-10-24,15.84,16.200001,15.71,16.120001,70900,9.330889
2006-10-23,16.110001,16.110001,15.72,15.78,58800,9.134083
2006-10-20,16.610001,16.610001,16.049999,16.09,134100,9.313523
2006-10-19,16.50,16.790001,16.209999,16.530001,117300,9.568213
2006-10-18,15.66,16.690001,15.56,16.52,144700,9.562425
2006-10-17,15.10,15.67,15.05,15.66,96100,9.064622
2006-10-16,14.91,15.25,14.84,15.20,86400,8.798356
2006-10-13,15.01,15.01,14.94,14.98,71200,8.671012
2006-10-12,14.60,15.03,14.45,14.97,101300,8.665224
2006-10-11,14.58,14.75,14.46,14.60,50100,8.451053
2006-10-10,14.97,14.98,14.62,14.64,49000,8.474207
2006-10-09,14.92,14.97,14.73,14.96,17900,8.659435
2006-10-06,14.99,15.00,14.88,14.97,32900,8.665224
2006-10-05,14.92,15.03,14.90,15.00,76900,8.682589
2006-10-04,14.30,15.00,14.30,14.99,86100,8.6768
2006-10-03,14.37,14.58,14.14,14.34,56100,8.300555
2006-10-02,14.48,14.73,14.36,14.43,30900,8.35265
2006-09-29,14.74,14.93,14.46,14.53,175700,8.410534
2006-09-28,14.81,14.95,14.60,14.78,39800,8.555244
2006-09-27,15.04,15.04,14.71,14.83,65100,8.584186
2006-09-26,14.70,15.04,14.57,15.04,85400,8.705742
2006-09-25,14.30,14.79,14.17,14.70,80600,8.508937
2006-09-22,14.65,14.65,14.00,14.23,74900,8.236882
2006-09-21,14.72,14.72,14.45,14.64,108800,8.474207
2006-09-20,14.11,14.79,14.09,14.67,103100,8.491572
2006-09-19,14.54,14.54,13.90,14.01,130100,8.109538
2006-09-18,14.20,14.78,14.10,14.48,92600,8.381592
2006-09-15,14.15,14.43,14.03,14.24,150600,8.242671
2006-09-14,14.04,14.18,13.99,14.13,39800,8.178999
2006-09-13,14.21,14.32,13.95,14.03,98000,8.121114
2006-09-12,14.12,14.27,14.02,14.25,45000,8.248459
2006-09-11,14.16,14.29,14.01,14.14,38400,8.184787
2006-09-08,14.00,14.32,13.97,14.25,156900,8.248459
2006-09-07,13.96,14.21,13.83,14.01,125300,8.109538
2006-09-06,14.23,14.23,14.01,14.01,93800,8.109538
2006-09-05,14.26,14.41,14.13,14.33,100200,8.294766
2006-09-01,14.71,14.71,14.36,14.61,61200,8.456841
2006-08-31,14.53,14.69,14.42,14.66,53000,8.485783
2006-08-30,14.44,14.79,14.28,14.48,59400,8.381592
2006-08-29,14.13,14.52,13.91,14.30,117000,8.277401
2006-08-28,14.28,14.30,13.96,14.10,140800,8.161634
2006-08-25,14.58,14.59,14.00,14.20,92000,8.219517
2006-08-24,14.34,14.73,14.19,14.56,117000,8.4279
2006-08-23,14.55,14.70,14.28,14.28,61800,8.265824
2006-08-22,14.88,14.88,14.50,14.50,58100,8.393169
2006-08-21,14.97,14.97,14.73,14.85,39800,8.595763
2006-08-18,14.94,15.10,14.68,14.99,146700,8.6768
2006-08-17,13.78,14.98,13.70,14.90,166400,8.624704
2006-08-16,14.08,14.08,13.61,13.84,114600,8.011135
2006-08-15,14.05,14.22,13.86,13.97,71000,8.086384
2006-08-14,13.90,14.02,13.82,13.85,74000,8.016924
2006-08-11,14.02,14.16,13.82,13.84,64600,8.011135
2006-08-10,14.04,14.34,13.99,14.07,58000,8.144268
2006-08-09,14.54,14.81,13.82,14.08,111100,8.150056
2006-08-08,15.01,15.06,14.36,14.39,70900,8.329497
2006-08-07,14.91,15.02,14.76,15.02,74400,8.694166
2006-08-04,14.97,15.19,14.70,14.98,53900,8.671012
2006-08-03,14.84,15.18,14.65,15.11,70800,8.746261
2006-08-02,15.08,15.20,14.69,14.89,88400,8.618917
2006-08-01,15.16,15.21,14.48,15.08,144700,8.728896
2006-07-31,15.25,15.25,14.96,15.15,125800,8.769414
2006-07-28,15.55,15.61,15.06,15.32,80600,8.867817
2006-07-27,15.35,15.99,14.28,15.52,173100,8.983585
2006-07-26,16.139999,16.139999,15.36,15.38,154500,8.902548
2006-07-25,15.93,16.25,15.52,16.059999,66100,9.296158
2006-07-24,15.25,16.129999,14.84,16.00,179200,9.261428
2006-07-21,15.76,15.81,15.07,15.20,94600,8.798356
2006-07-20,15.03,16.190001,14.88,15.76,252200,9.122507
2006-07-19,14.85,15.39,14.59,15.05,182300,8.711531
2006-07-18,14.41,14.84,14.19,14.84,81900,8.589974
2006-07-17,14.04,14.43,14.04,14.43,44100,8.35265
2006-07-14,14.11,14.30,13.81,14.10,117900,8.161634
2006-07-13,14.30,14.30,13.96,14.15,117500,8.190575
2006-07-12,14.94,14.94,14.31,14.33,89700,8.294766
2006-07-11,14.03,15.00,13.99,15.00,144100,8.682589
2006-07-10,14.35,14.35,13.96,14.08,108800,8.150056
2006-07-07,13.90,14.49,13.90,14.34,187300,8.300555
2006-07-06,14.17,14.46,13.75,14.03,158700,8.121114
2006-07-05,14.26,14.44,13.91,14.11,151900,8.167422
2006-07-03,14.05,14.45,14.00,14.39,61600,8.329497
2006-06-30,14.03,14.17,13.74,14.06,387000,8.13848
2006-06-29,13.45,14.64,12.95,14.02,402900,8.115326
2006-06-28,14.50,14.50,14.10,14.35,107300,8.306343
2006-06-27,14.83,15.09,14.18,14.45,116500,8.364227
2006-06-26,14.61,14.90,14.51,14.87,25000,8.607339
2006-06-23,14.46,14.72,14.30,14.45,40900,8.364227
2006-06-22,14.41,14.91,14.39,14.53,49700,8.410534
2006-06-21,14.56,14.77,14.41,14.41,67100,8.341073
2006-06-20,14.85,15.10,14.52,14.57,59100,8.433688
2006-06-19,14.83,14.95,14.56,14.78,68400,8.555244
2006-06-16,14.96,15.05,14.64,14.82,217000,8.578397
2006-06-15,14.50,15.01,14.50,14.96,67100,8.659435
2006-06-14,14.62,14.62,14.44,14.46,68300,8.370015
2006-06-13,14.45,15.00,14.45,14.62,129900,8.46263
2006-06-12,14.25,14.66,14.18,14.52,106300,8.404746
2006-06-09,14.34,14.56,14.14,14.18,87800,8.207941
2006-06-08,14.16,14.45,14.12,14.27,131100,8.260036
2006-06-07,14.13,14.32,14.12,14.17,53600,8.202152
2006-06-06,14.23,14.35,14.11,14.15,117200,8.190575
2006-06-05,14.26,14.35,14.06,14.23,168000,8.236882
2006-06-02,14.16,14.36,14.00,14.36,107200,8.312131
2006-06-01,13.51,14.13,13.38,14.06,136400,8.13848
2006-05-31,13.35,13.66,13.22,13.46,172600,7.791176
2006-05-30,13.31,13.54,12.97,13.35,306200,7.727504
2006-05-26,13.35,13.81,13.25,13.40,297900,7.756446
2006-05-25,13.57,13.71,13.08,13.26,152600,7.675408
2006-05-24,13.91,13.94,13.01,13.50,262900,7.81433
2006-05-23,14.01,14.19,13.81,13.95,154100,8.074807
2006-05-22,14.09,14.19,13.76,14.01,163600,8.109538
2006-05-19,14.31,14.57,14.12,14.19,179100,8.213729
2006-05-18,14.51,14.75,14.24,14.33,50700,8.294766
2006-05-17,14.76,14.79,14.20,14.52,234800,8.404746
2006-05-16,14.96,15.30,14.75,14.80,125700,8.566821
2006-05-15,14.79,15.14,14.75,15.00,119600,8.682589
2006-05-12,15.13,15.18,14.77,14.85,158000,8.595763
2006-05-11,15.54,15.65,15.17,15.17,153400,8.780991
2006-05-10,15.96,15.96,15.18,15.58,129000,9.018315
2006-05-09,15.84,16.49,15.75,15.93,124400,9.220909
2006-05-08,15.90,16.190001,15.75,15.81,125600,9.151449
2006-05-05,15.97,16.09,15.80,15.87,114700,9.186179
2006-05-04,16.09,16.129999,15.75,15.89,122100,9.197756
2006-05-03,16.620001,16.790001,15.98,16.09,328300,9.313523
2006-05-02,16.01,17.17,15.97,16.620001,306100,9.620309
2006-05-01,15.82,16.23,15.46,16.01,323300,9.267216
2006-04-28,15.89,16.50,15.58,15.82,307800,9.157237
2006-04-27,11.12,16.120001,11.12,16.049999,763400,9.290369
2006-04-26,14.54,14.97,14.49,14.50,231700,8.393169
2006-04-25,13.53,14.54,13.17,14.49,316600,8.38738
2006-04-24,13.80,13.93,13.56,13.57,80300,7.854848
2006-04-21,14.03,14.16,13.84,13.90,147900,8.045865
2006-04-20,13.80,14.11,13.66,13.86,163200,8.022712
2006-04-19,13.52,13.95,13.49,13.61,194200,7.878002
2006-04-18,13.00,13.68,12.85,13.44,213900,7.779599
2006-04-17,13.05,13.19,12.94,12.97,220000,7.507545
2006-04-13,12.92,13.12,12.87,13.00,159300,7.52491
2006-04-12,12.95,13.05,12.95,12.97,168700,7.507545
2006-04-11,13.14,13.14,12.94,13.00,217300,7.52491
2006-04-10,13.02,13.14,13.02,13.08,132100,7.571217
2006-04-07,13.21,13.28,13.00,13.03,335300,7.542275
2006-04-06,13.16,13.19,13.06,13.15,166200,7.611736
2006-04-05,13.28,13.28,13.11,13.20,145000,7.640678
2006-04-04,13.16,13.26,13.10,13.17,124000,7.623313
2006-04-03,13.00,13.40,13.00,13.10,191900,7.582794
2006-03-31,13.17,13.17,13.00,13.00,142900,7.52491
2006-03-30,13.22,13.25,13.05,13.21,77400,7.646466
2006-03-29,13.32,13.32,13.04,13.22,77600,7.652255
2006-03-28,13.34,13.51,13.24,13.26,110900,7.675408
2006-03-27,13.46,13.56,13.36,13.41,104500,7.762234
2006-03-24,13.65,13.70,13.40,13.50,214100,7.81433
2006-03-23,13.75,13.85,13.62,13.68,76200,7.918521
2006-03-22,13.65,13.76,13.65,13.71,90200,7.935886
2006-03-21,13.65,13.79,13.65,13.65,153700,7.901155
2006-03-20,13.75,13.85,13.66,13.76,100900,7.964828
2006-03-17,13.72,13.72,13.56,13.70,175100,7.930098
2006-03-16,13.51,13.68,13.48,13.62,93900,7.88379
2006-03-15,13.51,13.67,13.48,13.55,240900,7.843272
2006-03-14,13.72,13.72,13.52,13.54,171400,7.837483
2006-03-13,13.65,13.77,13.60,13.72,121000,7.941675
2006-03-10,13.53,13.68,13.36,13.68,92800,7.918521
2006-03-09,13.65,13.72,13.49,13.53,159000,7.831695
2006-03-08,13.85,13.88,13.50,13.63,224500,7.889579
2006-03-07,14.01,14.03,13.71,13.84,293000,8.011135
2006-03-06,14.08,14.18,14.01,14.06,254700,8.13848
2006-03-03,14.03,14.20,14.02,14.09,203200,8.155845
2006-03-02,14.07,14.20,14.05,14.10,179500,8.161634
2006-03-01,14.08,14.15,14.01,14.07,242900,8.144268
2006-02-28,14.17,14.21,14.06,14.11,190300,8.167422
2006-02-27,14.15,14.31,14.14,14.24,230000,8.242671
2006-02-24,14.12,14.26,13.97,14.17,191700,8.202152
2006-02-23,14.25,14.29,14.10,14.19,196200,8.213729
2006-02-22,14.26,14.33,14.13,14.26,145300,8.254248
2006-02-21,14.35,14.42,14.24,14.26,207400,8.254248
2006-02-17,14.36,14.49,14.33,14.40,111100,8.335285
2006-02-16,14.39,14.47,14.23,14.43,347400,8.35265
2006-02-15,14.52,14.53,14.25,14.40,121400,8.335285
2006-02-14,14.31,14.69,14.25,14.49,164700,8.38738
2006-02-13,14.50,14.59,14.20,14.31,143100,8.28319
2006-02-10,14.63,14.82,14.49,14.53,132900,8.410534
2006-02-09,15.10,15.10,14.56,14.69,237400,8.503148
2006-02-08,15.06,15.66,14.95,15.03,264800,8.699954
2006-02-07,15.08,15.12,14.95,15.00,235700,8.682589
2006-02-06,14.53,15.07,14.49,15.05,257300,8.711531
2006-02-03,14.50,14.75,14.47,14.59,195900,8.445265
2006-02-02,14.50,14.53,14.23,14.53,339200,8.410534
2006-02-01,14.30,14.53,14.30,14.53,415400,8.410534
2006-01-31,14.50,14.50,14.25,14.31,390800,8.28319
2006-01-30,14.55,14.55,14.28,14.48,232000,8.381592
2006-01-27,13.20,14.55,13.07,14.49,762800,8.38738
2006-01-26,14.43,14.62,14.10,14.58,186100,8.439476
2006-01-25,14.03,14.42,13.89,14.31,224900,8.28319
2006-01-24,13.83,14.01,13.73,14.01,160200,8.109538
2006-01-23,14.05,14.05,13.68,13.76,344000,7.964828
2006-01-20,14.14,14.14,13.79,13.94,147000,8.069019
2006-01-19,14.08,14.12,13.78,14.03,111700,8.121114
2006-01-18,13.70,14.17,13.70,13.91,260300,8.051654
2006-01-17,13.94,13.94,13.62,13.82,228300,7.999558
2006-01-13,13.60,13.71,13.43,13.68,174000,7.918521
2006-01-12,13.69,13.69,13.33,13.48,226100,7.802753
2006-01-11,13.33,13.84,12.86,13.45,408700,7.785388
2006-01-10,13.50,13.50,13.09,13.25,177500,7.66962
2006-01-09,13.20,13.50,13.17,13.44,394400,7.779599
2006-01-06,12.95,13.25,12.85,13.17,280700,7.623313
2006-01-05,12.98,13.00,12.81,12.88,200400,7.45545
2006-01-04,12.96,12.98,12.54,12.90,243900,7.467026
2006-01-03,12.91,12.98,12.50,12.86,343800,7.443872
2005-12-30,12.80,12.95,12.50,12.78,280300,7.397565
2005-12-29,12.48,13.10,12.33,12.68,431200,7.339682
2005-12-28,12.39,12.48,11.70,11.80,238000,6.830303
2005-12-27,12.42,12.68,12.30,12.40,98600,7.177606
2005-12-23,12.10,12.41,12.10,12.34,67900,7.142876
2005-12-22,12.27,12.57,12.17,12.21,136300,7.067627
2005-12-21,12.22,12.59,12.22,12.31,201900,7.125511
2005-12-20,12.15,12.45,12.15,12.29,242100,7.113934
2005-12-19,12.30,12.49,12.16,12.21,138800,7.067627
2005-12-16,12.77,12.92,12.30,12.35,489600,7.148665
2005-12-15,12.38,12.75,12.38,12.73,150300,7.368623
2005-12-14,12.17,12.88,12.17,12.47,618600,7.218126
2005-12-13,12.80,12.80,12.02,12.26,438400,7.096569
2005-12-12,13.02,13.08,12.64,12.76,335800,7.385989
2005-12-09,12.93,13.09,12.79,12.80,246900,7.409142
2005-12-08,13.50,13.52,12.81,12.84,314400,7.432296
2005-12-07,14.73,14.87,13.22,13.43,757900,7.773811
2005-12-06,14.78,14.78,14.10,14.48,198900,8.381592
2005-12-05,13.93,14.79,13.93,14.67,171500,8.491572
2005-12-02,14.42,14.65,13.79,14.00,292900,8.103749
2005-12-01,14.87,14.87,14.36,14.46,134100,8.370015
2005-11-30,14.44,14.75,14.38,14.75,79200,8.537879
2005-11-29,14.35,14.72,14.16,14.38,94200,8.323708
2005-11-28,14.76,14.76,14.14,14.32,78300,8.288978
2005-11-25,14.75,14.75,14.55,14.69,35000,8.503148
2005-11-23,14.30,14.75,14.19,14.64,85500,8.474207
2005-11-22,14.20,14.36,14.14,14.29,78600,8.271613
2005-11-21,13.92,14.34,13.92,14.22,170400,8.231094
2005-11-18,14.73,14.73,13.88,13.92,179400,8.057442
2005-11-17,14.52,14.97,14.51,14.58,98100,8.439476
2005-11-16,14.14,14.47,14.03,14.44,262200,8.358438
2005-11-15,14.12,14.48,13.90,14.15,236100,8.190575
2005-11-14,15.00,15.00,14.05,14.23,214400,8.236882
2005-11-11,14.94,15.04,14.72,14.96,95700,8.659435
2005-11-10,14.80,15.03,14.55,14.94,269400,8.647858
2005-11-09,14.74,15.04,14.59,14.74,119800,8.53209
2005-11-08,14.38,14.89,14.24,14.72,149600,8.520514
2005-11-07,14.73,14.85,14.29,14.43,198900,8.35265
2005-11-04,15.00,15.90,14.58,14.78,515100,8.555244
2005-11-03,14.20,15.00,14.12,14.88,307200,8.613128
2005-11-02,14.12,14.29,14.03,14.11,167600,8.167422
2005-11-01,14.22,14.37,14.11,14.22,123800,8.231094
2005-10-31,13.88,14.84,13.85,14.29,351300,8.271613
2005-10-28,14.11,14.33,13.79,13.86,308900,8.022712
2005-10-27,14.61,14.71,13.89,14.04,225600,8.126903
2005-10-26,14.40,14.85,14.32,14.65,159900,8.479995
2005-10-25,14.30,14.54,14.03,14.49,383400,8.38738
2005-10-24,15.03,15.19,14.32,14.40,287300,8.335285
2005-10-21,15.18,15.24,14.66,14.99,178700,8.6768
2005-10-20,14.93,15.36,14.86,15.13,253800,8.757838
2005-10-19,14.91,15.02,14.58,14.98,220100,8.671012
2005-10-18,15.31,15.31,14.53,15.00,339600,8.682589
2005-10-17,15.42,15.52,14.91,15.32,273100,8.867817
2005-10-14,14.84,15.55,13.50,15.36,563000,8.890971
2005-10-13,14.57,15.44,14.51,14.97,216900,8.665224
2005-10-12,14.83,14.91,14.43,14.53,212200,8.410534
2005-10-11,14.50,15.05,14.50,14.76,294900,8.543667
2005-10-10,14.80,15.06,14.35,14.45,117800,8.364227
2005-10-07,14.73,15.05,14.70,14.78,137100,8.555244
2005-10-06,14.53,15.04,14.46,14.67,126600,8.491572
2005-10-05,15.10,15.10,14.52,14.57,175900,8.433688
2005-10-04,15.26,15.35,14.91,15.01,183000,8.688377
2005-10-03,15.50,15.79,15.20,15.25,160400,8.827298
2005-09-30,15.39,15.57,15.01,15.53,143200,8.989373
2005-09-29,15.28,15.70,15.17,15.42,259700,8.925701
2005-09-28,15.38,15.68,15.29,15.32,270800,8.867817
2005-09-27,15.75,15.76,14.75,15.46,557900,8.948855
2005-09-26,15.79,15.98,15.68,15.78,191600,9.134083
2005-09-23,15.71,15.91,15.35,15.83,165200,9.163025
2005-09-22,15.44,15.83,15.28,15.64,146000,9.053046
2005-09-21,16.10,16.110001,15.40,15.59,226900,9.024104
2005-09-20,15.40,16.24,15.40,16.049999,172200,9.290369
2005-09-19,15.75,15.93,15.31,15.50,174200,8.972008
2005-09-16,15.65,15.95,15.65,15.78,151600,9.134083
2005-09-15,16.139999,16.25,15.33,15.56,275000,9.006739
2005-09-14,16.52,16.57,16.059999,16.139999,60100,9.342465
2005-09-13,17.059999,17.059999,16.280001,16.51,169500,9.556636
2005-09-12,16.40,17.09,16.299999,17.00,267400,9.840267
2005-09-09,16.67,16.950001,16.290001,16.51,392000,9.556636
2005-09-08,16.799999,16.879999,16.02,16.76,447900,9.701346
2005-09-07,17.10,17.10,16.75,16.93,167100,9.799749
2005-09-06,17.07,17.190001,16.809999,17.15,249800,9.927093
2005-09-02,16.90,17.17,16.90,17.10,163400,9.898151
2005-09-01,16.690001,17.049999,16.60,16.91,319000,9.788172
2005-08-31,16.99,17.219999,16.67,16.870001,277800,9.765019
2005-08-30,17.02,17.40,17.02,17.08,82100,9.886574
2005-08-29,17.360001,17.389999,16.92,17.290001,312200,10.008131
2005-08-26,17.99,18.040001,17.290001,17.50,250700,10.129687
2005-08-25,18.01,18.049999,17.83,17.98,92500,10.407529
2005-08-24,17.90,18.35,17.85,18.110001,201400,10.482779
2005-08-23,18.18,18.24,17.629999,17.940001,104200,10.384376
2005-08-22,18.76,18.76,17.85,18.129999,97200,10.494355
2005-08-19,18.299999,18.77,18.200001,18.629999,234100,10.783775
2005-08-18,18.10,18.35,17.940001,18.25,146100,10.563816
2005-08-17,17.620001,18.209999,17.50,18.110001,195800,10.482779
2005-08-16,17.83,17.98,17.549999,17.620001,136100,10.199148
2005-08-15,17.66,18.02,17.01,17.940001,535900,10.384376
2005-08-12,18.09,18.09,17.690001,17.75,175100,10.274397
2005-08-11,18.190001,18.440001,17.530001,18.16,127000,10.511721
2005-08-10,18.280001,18.540001,18.049999,18.219999,208400,10.546451
2005-08-09,18.32,18.50,18.07,18.23,121300,10.552239
2005-08-08,18.65,18.65,18.16,18.23,150300,10.552239
2005-08-05,18.77,18.879999,18.50,18.690001,138200,10.818506
2005-08-04,18.610001,18.940001,18.50,18.799999,171000,10.882177
2005-08-03,18.690001,18.93,18.50,18.82,336600,10.893754
2005-08-02,18.950001,19.07,18.559999,18.719999,289300,10.83587
2005-08-01,18.530001,19.16,18.200001,18.940001,549500,10.963216
2005-07-29,18.870001,18.870001,18.299999,18.32,213600,10.604335
2005-07-28,18.07,18.83,17.959999,18.75,784100,10.853236
2005-07-27,17.91,18.27,17.85,18.07,387100,10.459625
2005-07-26,17.74,18.040001,17.66,17.91,602100,10.367011
2005-07-25,17.879999,18.23,17.700001,18.030001,548500,10.436472
2005-07-22,18.24,18.42,17.51,18.01,749900,10.424895
2005-07-21,22.35,22.65,17.07,18.200001,2223500,10.534875
2005-07-20,22.52,23.459999,22.02,23.02,268000,13.32488
2005-07-19,22.629999,22.75,22.049999,22.540001,157600,13.047037
2005-07-18,22.93,22.950001,21.889999,22.559999,310700,13.058613
2005-07-15,22.77,23.23,22.719999,23.10,142900,13.371187
2005-07-14,23.27,23.27,22.73,22.940001,163000,13.278573
2005-07-13,22.75,23.25,22.540001,23.059999,155800,13.348033
2005-07-12,23.200001,23.35,22.51,22.85,160600,13.226477
2005-07-11,23.25,23.50,22.360001,23.17,254900,13.411705
2005-07-08,22.299999,23.389999,22.01,23.10,237900,13.371187
2005-07-07,34.23,34.23,32.52,33.529996,167400,12.938985
2005-07-06,34.390005,34.480004,33.75,34.249995,205600,13.216828
2005-07-05,32.479995,34.349999,32.059994,34.240005,400500,13.212972
2005-07-01,33.63,33.63,31.930006,32.569994,309600,12.568527
2005-06-30,33.599999,33.99,33.340004,33.569999,114700,12.954422
2005-06-29,34.199999,34.199999,33.280005,33.520005,164500,12.93513
2005-06-28,33.00,34.589999,33.00,34.150005,263100,13.178242
2005-06-27,34.050001,34.050001,32.839994,33.049996,316000,12.753757
2005-06-24,35.500005,35.500005,33.889996,34.23,376900,13.209111
2005-06-23,35.339999,35.899996,34.89,35.339999,186600,13.637452
2005-06-22,36.820006,36.850004,35.269996,35.419996,322000,13.668323
2005-06-21,35.819999,36.940006,35.749995,36.709994,401800,14.166124
2005-06-20,36.12,37.120005,35.650005,35.860004,249400,13.838119
2005-06-17,36.810001,36.940006,35.509995,36.259995,520500,13.992472
2005-06-16,35.779996,36.839999,35.779996,36.660001,474400,14.146831
2005-06-15,35.590004,35.740005,35.189999,35.560006,479400,13.722351
2005-06-14,34.199999,34.999995,34.000005,34.969995,593500,13.49467
2005-06-13,32.470004,33.87,32.419996,33.760005,605700,13.027744
2005-06-10,31.990005,32.620005,31.099995,32.329994,494700,12.475913
2005-06-09,31.060006,32.110004,30.900001,32.059994,377400,12.371722
2005-06-08,31.999995,31.999995,30.900001,31.170001,252300,12.02828
2005-06-07,32.400001,32.950004,31.849995,31.98,401200,12.340852
2005-06-06,32.299996,33.00,31.750005,32.400001,323100,12.502928
2005-06-03,33.00,33.300001,31.680001,32.299996,488400,12.464337
2005-06-02,34.099995,34.099995,32.920006,33.349995,464400,12.869524
2005-06-01,34.709999,34.750005,33.060001,33.719999,498900,13.012306
2005-05-31,36.400005,36.769996,33.75,34.639996,528700,13.367326
2005-05-27,35.88,36.790006,35.299996,36.400005,144300,14.046501
2005-05-26,36.049996,36.049996,35.410006,35.749995,194700,13.795667
2005-05-25,36.289996,36.289996,35.170006,36.00,112900,13.892142
2005-05-24,35.819999,36.24,35.13,36.150001,259000,13.950026
2005-05-23,37.290001,37.290001,36.100004,36.319994,268200,14.015625
2005-05-20,37.159996,37.26,36.049996,37.000005,194700,14.278036
2005-05-19,36.229995,37.399996,35.969999,36.979995,305100,14.270315
2005-05-18,35.25,36.430006,35.25,35.969999,326200,13.880565
2005-05-17,34.450004,35.449994,33.799996,35.339999,207900,13.637452
2005-05-16,33.250005,34.600004,33.139996,34.450004,295600,13.294009
2005-05-13,34.639996,35.910001,32.01,33.220004,610500,12.819361
2005-05-12,37.699994,39.199994,33.060001,34.62,1442400,13.35961
2005-05-11,36.00,37.459994,35.749995,37.349999,947800,14.413097
2005-05-10,34.02,35.88,33.679994,35.339999,550600,13.637452
2005-05-09,34.990005,34.999995,33.12,33.930001,211600,13.093344
2005-05-06,34.439999,35.64,34.279996,34.660006,366700,13.375048
2005-05-05,33.00,34.969995,32.860004,34.099995,345700,13.158943
2005-05-04,32.579999,33.089999,32.539996,32.929994,252600,12.707448
2005-05-03,32.530005,33.00,31.999995,32.339999,551100,12.479774
2005-05-02,32.020005,32.040001,30.679994,31.600004,105900,12.194215
2005-04-29,30.949994,31.849995,30.670006,31.560001,173100,12.178778
2005-04-28,31.50,31.50,30.349995,30.930001,135100,11.935666
2005-04-27,31.750005,31.86,31.249995,31.420006,193800,12.124755
2005-04-26,31.660006,32.52,31.399996,31.77,264000,12.259815
2005-04-25,30.499995,31.660006,30.499995,31.510005,254400,12.159485
2005-04-22,30.529996,30.979995,30.229995,30.589994,410400,11.804459
2005-04-21,31.800001,32.779996,28.600004,30.340004,986500,11.70799
2005-04-20,32.980004,32.980004,30.610004,30.790006,259000,11.881642
2005-04-19,32.01,32.380005,31.589999,32.219999,115300,12.433467
2005-04-18,30.75,32.119995,30.610004,31.789996,281500,12.267532
2005-04-15,31.159996,31.780005,30.51,31.030005,246300,11.974257
2005-04-14,32.920006,33.089999,30.940006,31.450004,369900,12.136331
2005-04-13,32.059994,33.400005,32.059994,33.160006,145900,12.796208
2005-04-12,33.979995,33.979995,31.909996,32.530005,357400,12.553096
2005-04-11,33.250005,34.000005,33.070006,33.839999,191400,13.058613
2005-04-08,33.599999,34.23,33.00,33.48,163600,12.919692
2005-04-07,33.99,34.210004,33.499995,33.499995,138300,12.927408
2005-04-06,33.449999,34.530001,33.180001,34.099995,278400,13.158943
2005-04-05,34.170001,35.849999,33.689999,33.790006,831400,13.039321
2005-04-04,31.800001,34.249995,31.630005,33.900001,392400,13.081767
2005-04-01,31.89,32.290006,31.399996,31.600004,205500,12.194215
2005-03-31,32.869995,32.869995,31.50,31.750005,233100,12.252099
2005-03-30,31.939994,33.460004,31.849995,32.569994,277800,12.568527
2005-03-29,32.459999,33.910006,32.149996,32.500005,291400,12.541519
2005-03-28,34.180006,34.180006,32.449994,32.819999,397300,12.665002
2005-03-24,33.180001,34.180006,33.00,33.75,395100,13.023883
2005-03-23,31.50,33.400005,31.050001,33.130005,606300,12.784631
2005-03-22,29.530005,31.990005,29.530005,31.50,545200,12.155624
2005-03-21,30.00,30.00,29.500005,29.710004,100500,11.464877
2005-03-18,30.460004,30.460004,29.539996,29.890005,187300,11.534339
2005-03-17,30.640005,30.99,30.150001,30.300001,113800,11.692553
2005-03-16,30.220004,31.000005,30.100004,30.63,237600,11.819897
2005-03-15,30.700004,31.210004,30.409996,30.449999,308700,11.750436
2005-03-14,30.499995,30.660001,29.890005,30.400005,432700,11.731144
2005-03-11,30.00,30.63,29.910001,30.36,229600,11.715706
2005-03-10,30.850004,31.390005,29.400001,30.049996,233700,11.596078
2005-03-09,31.099995,31.510005,30.87,30.940006,122800,11.939527
2005-03-08,30.75,31.750005,30.319994,31.219995,212500,12.047572
2005-03-07,31.050001,31.439999,30.709994,30.75,171000,11.866204
2005-03-04,29.189999,31.469999,28.819994,31.069994,301800,11.989688
2005-03-03,29.069999,29.539996,28.459994,28.909996,219600,11.15616
2005-03-02,29.160001,29.719995,28.949999,29.299996,242100,11.306658
2005-03-01,29.689994,30.180001,29.149996,29.530005,342900,11.395417
2005-02-28,30.39,30.39,29.629995,29.790001,162300,11.495748
2005-02-25,29.869995,30.820006,29.52,30.439994,166800,11.746575
2005-02-24,29.089994,29.989995,28.510005,29.629995,253600,11.434003
2005-02-23,29.779996,29.779996,28.50,28.939994,293400,11.167736
2005-02-22,31.249995,31.249995,29.269996,29.670001,374700,11.449441
2005-02-18,32.230004,32.230004,30.300001,31.050001,127200,11.981973
2005-02-17,32.140005,32.790001,31.949999,31.999995,211300,12.348569
2005-02-16,30.75,31.909996,30.589994,31.909996,221500,12.313839
2005-02-15,31.990005,32.329994,30.559994,30.75,203800,11.866204
2005-02-14,31.89,32.380005,31.729995,31.999995,227800,12.348569
2005-02-11,31.999995,32.119995,31.50,31.579994,294100,12.186493
2005-02-10,31.410001,31.920001,29.980004,31.669996,192900,12.221224
2005-02-09,31.570006,31.949999,30.439994,30.700004,197700,11.846911
2005-02-08,30.00,31.570006,29.770005,31.570006,402100,12.182639
2005-02-07,29.989995,30.00,29.560006,30.00,90700,11.576785
2005-02-04,29.560006,30.130005,29.449994,29.749995,246400,11.48031
2005-02-03,29.260005,29.740005,29.040001,29.560006,170500,11.406994
2005-02-02,29.020005,29.599995,28.829999,29.590004,210400,11.41857
2005-02-01,28.210004,30.00,28.150005,29.770005,430500,11.488032
2005-01-31,30.00,30.220004,28.519996,28.570006,351600,11.024961
2005-01-28,29.899996,30.24,29.320006,29.779996,207000,11.491887
2005-01-27,28.729995,29.890005,28.600004,29.670001,274600,11.449441
2005-01-26,27.619995,29.25,27.619995,29.170006,282400,11.256496
2005-01-25,27.529996,28.290001,27.150001,28.030005,438400,10.816578
2005-01-24,27.689999,28.570006,27.049996,28.390005,729300,10.955499
2005-01-21,27.499995,29.579999,27.499995,27.689999,1169800,10.685372
2005-01-20,32.149996,32.149996,26.569994,27.400005,1265100,10.573466
2005-01-19,31.89,32.029996,30.499995,31.14,279100,12.016703
2005-01-18,31.450004,31.86,31.009995,31.750005,320400,12.252099
2005-01-14,31.170001,31.530001,30.619995,30.940006,293400,11.939527
2005-01-13,31.300006,31.729995,30.499995,30.959999,186700,11.947242
2005-01-12,29.509995,31.279996,29.509995,31.11,256200,12.005126
2005-01-11,29.470004,29.950004,28.709999,29.779996,264100,11.491887
2005-01-10,29.819999,30.300001,28.589999,29.230004,348900,11.279649
2005-01-07,29.819999,30.409996,27.550006,29.49,306400,11.379979
2005-01-06,29.629995,30.460004,29.560006,29.819999,136200,11.507324
2005-01-05,29.449994,30.400005,28.800001,29.839994,299200,11.51504
2005-01-04,32.860004,33.490005,29.899996,30.100004,721000,11.615376
2005-01-03,33.550006,33.739995,32.749995,33.27,152200,12.838655
2004-12-31,32.839994,34.290001,32.770005,33.36,144400,12.873385
2004-12-30,34.000005,34.309994,33.150001,33.180001,219100,12.803925
2004-12-29,34.489995,34.990005,34.270005,34.480004,121200,13.305586
2004-12-28,34.74,35.479995,34.410001,34.50,308700,13.313303
2004-12-27,34.750005,34.949999,34.349999,34.439999,131500,13.290148
2004-12-23,34.120005,34.690006,34.120005,34.450004,194400,13.294009
2004-12-22,33.420001,34.489995,32.509995,34.399996,228900,13.274712
2004-12-21,31.819994,33.460004,31.570006,32.899996,200100,12.695872
2004-12-20,34.099995,34.099995,31.709999,32.149996,301800,12.406453
2004-12-17,33.36,34.699994,33.049996,33.180001,342900,12.803925
2004-12-16,35.029996,35.080004,33.370005,34.009995,353800,13.124213
2004-12-15,33.289996,34.709999,32.599995,34.600004,606900,13.351893
2004-12-14,30.719999,33.949994,30.649996,33.049996,1154800,12.753757
2004-12-13,30.349995,30.970004,30.250005,30.319994,409600,11.700268
2004-12-10,31.519996,31.930006,30.599999,30.880005,312300,11.916372
2004-12-09,30.130005,32.089994,30.130005,31.89,271000,12.306122
2004-12-08,30.39,31.849995,28.540006,30.820006,669600,11.893219
2004-12-07,31.639996,32.459999,30.760005,30.910006,400200,11.927949
2004-12-06,32.01,32.740005,31.120005,31.690006,384100,12.228946
2004-12-03,32.029996,32.590004,31.650001,32.01,402300,12.35243
2004-12-02,31.870005,33.229995,31.079999,32.419996,342600,12.510644
2004-12-01,30.739995,32.500005,30.439994,32.239995,395800,12.441183
2004-11-30,31.699994,32.470004,30.12,30.610004,572500,11.812181
2004-11-29,32.500005,33.649996,31.120005,32.119995,735700,12.394876
2004-11-26,30.439994,32.189999,30.079994,32.01,421600,12.35243
2004-11-24,28.489995,30.959999,28.000005,30.589994,975300,11.804459
2004-11-23,27.169996,28.999995,27.070006,28.650001,495400,11.05583
2004-11-22,26.400001,28.390005,26.25,28.199999,879000,10.882177
2004-11-19,28.279996,28.560001,27.130005,27.190006,534100,10.492428
2004-11-18,27.810001,29.650005,26.980004,27.930001,2338000,10.777987
2004-11-17,25.02,26.400001,25.000005,26.209994,434500,10.114249
2004-11-16,25.249995,25.920001,24.930001,25.120005,211200,9.69363
2004-11-15,24.850004,26.719995,24.559994,25.62,335100,9.886574
2004-11-12,24.51,25.879995,22.939995,25.62,186300,9.886574
2004-11-11,23.380005,25.450004,23.099999,25.219995,362100,9.732215
2004-11-10,22.219995,24.00,22.069995,23.779994,226800,9.176529
2004-11-09,22.409999,23.059995,22.32,22.720006,139000,8.767487
2004-11-08,23.460001,23.590005,22.89,22.89,152500,8.833087
2004-11-05,23.179995,24.060001,22.999995,23.749995,123300,9.164953
2004-11-04,22.960005,23.440005,22.960005,23.119995,184000,8.92184
2004-11-03,22.20,24.310006,21.949996,23.58,404200,9.099353
2004-11-02,21.499995,22.549995,21.45,22.549995,227800,8.701881
2004-11-01,21.150001,21.659999,20.530005,21.48,160900,8.288978
2004-10-29,21.049995,21.559995,20.929995,20.980004,164100,8.096033
2004-10-28,21.39,21.780001,21.27,21.42,146800,8.265824
2004-10-27,21.310005,21.719999,20.500005,21.719999,139800,8.381592
2004-10-26,20.899994,21.469995,20.49,21.259995,147600,8.20408
2004-10-25,20.419995,21.400005,20.050004,21.150001,109600,8.161634
2004-10-22,20.959994,22.14,20.560005,20.58,202500,7.941675
2004-10-21,22.039995,22.249995,21.12,21.790006,182800,8.408607
2004-10-20,21.57,22.32,20.789999,22.240005,146800,8.582258
2004-10-19,22.349999,22.650001,21.079996,21.33,173700,8.231094
2004-10-18,20.869995,21.730004,20.749995,21.730004,433200,8.385453
2004-10-15,22.189995,22.249995,20.400001,21.199996,610200,8.180926
2004-10-14,22.900005,23.650005,22.519996,22.530001,200700,8.694166
2004-10-13,22.86,24.160006,22.669995,23.419995,151200,9.037608
2004-10-12,23.509995,23.950005,23.19,23.200005,147000,8.952716
2004-10-11,23.869995,24.409996,23.569995,24.109995,154800,9.303874
2004-10-08,23.569995,24.919996,23.419995,24.550006,269500,9.473671
2004-10-07,23.449996,24.349995,23.209994,23.959994,226800,9.24599
2004-10-06,24.12,24.349995,23.050004,24.150001,371700,9.319312
2004-10-05,22.339994,24.99,22.300004,24.529996,857200,9.46595
2004-10-04,24.859995,25.750005,21.799995,22.150005,1363800,8.547528
2004-10-01,24.209999,25.099995,24.150001,25.02,399000,9.655039
2004-09-30,24.449999,26.260005,24.400005,24.529996,474300,9.46595
2004-09-29,25.829999,26.310001,24.599999,24.919996,345300,9.616448
2004-09-28,26.020005,26.52,25.879995,26.299996,165900,10.14898
2004-09-27,26.49,26.579999,25.750005,26.389996,216100,10.18371
2004-09-24,26.189999,26.49,24.930001,26.269996,193000,10.137403
2004-09-23,25.750005,26.620005,25.510005,25.849995,146400,9.975328
2004-09-22,25.990005,26.670001,25.900005,26.110004,368800,10.075663
2004-09-21,25.650001,26.749995,25.609995,26.749995,176400,10.322631
2004-09-20,25.750005,26.839994,25.74,26.110004,182400,10.075663
2004-09-17,27.139996,27.640005,26.219999,26.219999,400900,10.11811
2004-09-16,25.900005,27.599999,25.900005,27.049996,716700,10.4384
2004-09-15,24.310006,27.019996,24.109995,26.569994,737100,10.25317
2004-09-14,25.609995,25.810006,24.619995,25.030005,552000,9.6589
2004-09-13,26.400001,27.010005,25.800001,26.400001,359800,10.187571
2004-09-10,27.599999,27.599999,26.500005,26.839994,405000,10.357361
2004-09-09,27.100004,27.99,26.500005,27.139996,841800,10.47313
2004-09-08,27.739995,28.14,27.379995,27.839999,179700,10.743256
2004-09-07,26.899996,28.000005,26.719995,27.379995,222100,10.565744
2004-09-03,27.250005,27.689999,26.650005,27.48,117700,10.604335
2004-09-02,27.719999,28.050001,26.860004,27.310006,268600,10.538736
2004-09-01,26.860004,27.75,26.320006,27.569999,204600,10.639065
2004-08-31,26.25,27.379995,26.200004,26.719995,255100,10.311054
2004-08-30,27.99,29.099999,26.500005,26.920006,374100,10.388237
2004-08-27,28.120005,28.570006,27.75,28.150005,177300,10.862885
2004-08-26,26.890005,28.699994,26.839994,28.459994,467100,10.982508
2004-08-25,26.629995,27.540001,26.509995,27.469995,362800,10.600474
2004-08-24,26.569994,26.929994,25.120005,26.500005,459700,10.226162
2004-08-23,26.410006,27.900001,25.570006,25.74,788800,9.932881
2004-08-20,24.520005,25.999995,24.520005,25.750005,230800,9.936742
2004-08-19,25.680001,25.949999,24.550006,24.829994,340500,9.581717
2004-08-18,25.159996,26.219999,25.159996,25.879995,346900,9.986905
2004-08-17,26.779996,26.839994,25.14,25.349999,450700,9.782383
2004-08-16,23.050004,27.079994,23.050004,25.920001,1148400,10.002343
2004-08-13,21.799995,23.299995,21.799995,23.299995,167500,8.991301
2004-08-12,23.659995,23.680005,21.859995,22.120005,185200,8.535951
2004-08-11,22.729995,23.680005,22.50,23.500005,244900,9.068483
2004-08-10,22.50,23.19,22.279994,23.029994,272200,8.88711
2004-08-09,21.93,23.089994,21.599999,22.240005,165000,8.582258
2004-08-06,22.50,23.239995,21.640005,21.799995,139800,8.412462
2004-08-05,23.299995,23.350006,22.62,22.840005,169200,8.813794
2004-08-04,23.539995,23.650005,22.95,23.089994,207700,8.910263
2004-08-03,23.52,23.94,23.389996,23.620005,241000,9.11479
2004-08-02,21.99,23.869995,21.99,23.419995,329500,9.037608
2004-07-30,22.540006,22.68,21.760005,22.270005,246700,8.593835
2004-07-29,23.350006,23.350006,21.460005,22.879995,355800,8.829226
2004-07-28,21.889996,23.170004,21.33,23.13,348000,8.925701
2004-07-27,21.220006,21.640005,20.290006,21.250005,169800,8.200224
2004-07-26,21.400005,21.649994,20.029994,20.969999,238000,8.092172
2004-07-23,21.220006,22.090005,21.06,21.430005,151000,8.269685
2004-07-22,20.020005,21.109995,19.690005,21.06,225400,8.126903
2004-07-21,21.859995,21.859995,19.469999,20.170004,346000,7.78346
2004-07-20,21.760005,22.009995,21.00,21.599999,151200,8.335285
2004-07-19,22.289999,22.289999,20.740005,21.69,289900,8.370015
2004-07-16,22.300004,23.500005,22.099995,22.20,175800,8.566821
2004-07-15,22.750005,23.49,22.249995,22.399994,147000,8.643997
2004-07-14,22.009995,23.219999,22.000005,22.630005,271800,8.732757
2004-07-13,23.929995,24.089999,22.450005,22.609995,407200,8.725035
2004-07-12,22.870005,24.24,22.710001,23.500005,623400,9.068483
2004-07-09,22.309995,23.080005,22.150005,22.650001,403200,8.740473
2004-07-08,23.419995,23.659995,21.51,22.14,857800,8.543667
2004-07-07,20.70,24.220004,20.230004,23.680005,2613000,9.137944
2004-07-06,20.080005,20.080005,19.060005,19.120005,141700,7.378273
2004-07-02,20.64,20.64,19.519996,19.83,119100,7.652255
2004-07-01,19.900005,20.599995,19.750005,20.440005,214800,7.887651
2004-06-30,19.060005,19.83,19.060005,19.519996,176500,7.532626
2004-06-29,18.030001,19.690005,18.030001,19.570005,500800,7.551925
2004-06-28,18.199996,18.880005,17.43,18.490005,669100,7.13516
2004-06-25,19.459994,19.600006,17.929995,18.769996,1477900,7.243207
2004-06-24,19.630005,19.650001,18.760005,19.600006,213400,7.563502
2004-06-23,19.08,19.699996,19.060005,19.590001,264600,7.559641
2004-06-22,19.390005,20.329996,19.240005,19.549995,334200,7.544203
2004-06-21,19.540006,19.990005,19.289999,19.699996,231100,7.602087
2004-06-18,19.060005,20.020005,19.009995,19.870005,157800,7.667692
2004-06-17,19.630005,19.86,19.000005,19.399994,96100,7.486319
2004-06-16,19.729995,20.110004,19.000005,19.83,155400,7.652255
2004-06-15,18.840001,20.170004,18.840001,19.810005,323700,7.644539
2004-06-14,20.710005,20.830005,18.430005,18.979995,685800,7.324244
2004-06-10,21.019996,21.599999,20.449996,20.689995,732300,7.984121
2004-06-09,20.159999,21.319995,19.900005,20.789999,973800,8.022712
2004-06-08,20.31,20.31,19.390005,19.999995,182400,7.717855
2004-06-07,19.26,20.31,18.63,20.110004,735400,7.760306
2004-06-04,18.900001,19.579996,18.859995,19.159995,173400,7.393705
2004-06-03,19.519996,19.98,18.670004,19.249995,222400,7.428435
2004-06-02,19.98,20.080005,19.660006,19.89,198900,7.675408
2004-06-01,19.990005,20.01,19.650001,19.990005,211300,7.713999
2004-05-28,19.099995,19.999995,18.949996,19.98,193500,7.710139
2004-05-27,19.399994,19.450005,18.919995,18.99,270700,7.328105
2004-05-26,19.399994,19.549995,18.880005,19.399994,282000,7.486319
2004-05-25,18.550004,19.14,18.48,18.889996,138400,7.289514
2004-05-24,18.39,18.539999,17.749995,18.460005,273300,7.123584
2004-05-21,18.799995,19.02,18.00,18.250005,318700,7.042546
2004-05-20,17.860004,18.840001,17.55,18.730004,557400,7.227774
2004-05-19,20.200005,20.869995,17.380005,17.620005,1818300,6.799433
2004-05-18,18.619995,20.55,18.370005,19.810005,1089100,7.644539
2004-05-17,18.829996,18.900001,17.860004,18.409995,116700,7.104285
2004-05-14,17.88,18.99,17.569995,18.87,121500,7.281798
2004-05-13,18.409995,18.610004,17.500005,18.27,132700,7.050262
2004-05-12,17.899994,18.27,17.599995,18.27,183300,7.050262
2004-05-11,17.089994,17.899994,16.92,17.770005,133800,6.857318
2004-05-10,17.110004,17.280001,16.060005,16.969995,371100,6.548599
2004-05-07,18.040006,18.33,16.999995,17.299995,318400,6.675944
2004-05-06,18.880005,18.880005,18.220006,18.33,147600,7.073416
2004-05-05,18.900001,19.05,18.45,18.880005,280300,7.285658
2004-05-04,19.50,19.650001,18.340005,18.889996,975000,7.289514
2004-05-03,19.02,19.849995,17.680005,18.460005,907600,7.123584
2004-04-30,16.759995,17.359995,16.600006,17.269996,106200,6.664367
2004-04-29,16.609995,16.999995,15.57,16.999995,218100,6.560176
2004-04-28,17.039999,17.039999,16.579996,16.86,270900,6.506153
2004-04-27,16.409999,16.969995,16.38,16.86,139900,6.506153
2004-04-26,16.68,16.68,16.50,16.549995,28300,6.386524
2004-04-23,16.300004,16.690005,16.159995,16.56,64300,6.390385
2004-04-22,16.17,16.530001,16.17,16.489995,31600,6.363371
2004-04-21,15.700005,16.519996,15.700005,16.429995,60300,6.340217
2004-04-20,16.20,16.390005,15.649994,15.679995,43200,6.050798
2004-04-19,15.949996,16.50,15.799995,16.090005,36700,6.209018
2004-04-16,15.840001,16.150005,15.709994,16.120005,67200,6.220594
2004-04-15,15.599999,16.50,15.580005,15.960001,139500,6.15885
2004-04-14,15.42,15.580005,15.019996,15.460005,29500,5.965905
2004-04-13,15.670004,16.000005,15.280005,15.280005,19200,5.896445
2004-04-12,15.130005,15.57,14.82,15.490005,56400,5.977482
2004-04-08,15.490005,16.23,15.210001,15.220006,35400,5.873291
2004-04-07,15.310005,15.850006,15.310005,15.649994,73500,6.039221
2004-04-06,15.93,15.93,15.210001,15.39,112800,5.938891
2004-04-05,15.18,15.919995,14.950005,15.919995,90700,6.143412
2004-04-02,14.839994,15.12,14.800004,15.049995,154300,5.807685
2004-04-01,13.900005,14.800004,13.849995,14.76,209400,5.695778
2004-03-31,13.489995,13.930005,13.489995,13.819995,38500,5.333037
2004-03-30,12.840001,13.50,12.829996,13.429995,30300,5.182539
2004-03-29,12.709994,13.26,12.709994,12.99,175800,5.012748
2004-03-26,12.499995,12.99,12.370005,12.859995,267600,4.96258
2004-03-25,13.349999,13.360004,12.599999,12.910006,281100,4.981879
2004-03-24,13.399994,13.710001,13.219995,13.32,105100,5.140093
2004-03-23,13.399994,13.570005,13.330005,13.429995,87000,5.182539
2004-03-22,13.420004,13.519996,13.32,13.399994,107100,5.170962
2004-03-19,13.369995,13.44,13.300004,13.349999,52600,5.151669
2004-03-18,13.300004,13.600006,13.300004,13.50,48100,5.209553
2004-03-17,13.480004,13.660006,13.349999,13.450005,88600,5.19026
2004-03-16,13.999995,13.999995,13.300004,13.349999,174600,5.151669
2004-03-15,13.969995,13.990005,13.549995,13.77,86400,5.313744
2004-03-12,13.68,13.83,13.660006,13.750005,219700,5.306028
2004-03-11,13.510005,13.870005,13.420004,13.819995,97500,5.333037
2004-03-10,13.68,13.879995,13.510005,13.849995,58200,5.344614
2004-03-09,13.600006,13.930005,13.369995,13.729995,183000,5.298307
2004-03-08,13.639996,13.639996,13.32,13.409999,43300,5.174823
2004-03-05,13.650001,13.939995,13.399994,13.399994,61300,5.170962
2004-03-04,13.930005,13.930005,13.300004,13.579996,56200,5.240423
2004-03-03,13.669995,13.77,13.349999,13.399994,30000,5.170962
2004-03-02,13.780005,13.80,13.540006,13.639996,173500,5.263576
2004-03-01,13.570005,13.849995,13.279994,13.660006,100500,5.271298
2004-02-27,13.549995,13.77,13.349999,13.660006,80500,5.271298
2004-02-26,13.609995,13.690005,13.309995,13.330005,78700,5.143953
2004-02-25,13.369995,13.840005,13.339994,13.669995,49800,5.275153
2004-02-24,13.26,13.450005,13.099995,13.409999,33300,5.174823
2004-02-23,13.399994,13.639996,13.20,13.270005,43300,5.1208
2004-02-20,13.720006,13.83,13.309995,13.660006,39100,5.271298
2004-02-19,13.750005,13.95,13.360004,13.849995,74800,5.344614
2004-02-18,13.80,14.080005,13.409999,13.750005,155100,5.306028
2004-02-17,13.86,14.099999,13.590001,14.089994,149500,5.437228
2004-02-13,13.279994,13.999995,13.11,13.750005,155700,5.306028
2004-02-12,12.349995,13.26,12.150001,13.05,243300,5.035901
2004-02-11,12.550004,12.550004,11.950005,12.259995,218400,4.731044
2004-02-10,11.959995,12.63,11.959995,12.439995,130600,4.800505
2004-02-09,12.319995,12.75,11.899995,12.199996,154600,4.707891
2004-02-06,12.87,12.979995,12.160006,12.259995,169600,4.731044
2004-02-05,13.099995,13.249995,12.250005,12.490005,297300,4.819803
2004-02-04,13.879995,14.050004,13.150005,13.300004,179200,5.132376
2004-02-03,14.050004,14.659995,13.62,14.050004,421500,5.421796
2004-02-02,15.820005,16.05,13.309995,13.579996,354000,5.240423
2004-01-30,16.05,16.300004,15.769996,16.090005,87100,6.209018
2004-01-29,15.799995,16.44,15.499995,16.02,64000,6.182003
2004-01-28,16.570005,16.999995,16.20,16.609995,184900,6.409678
2004-01-27,15.919995,17.099999,15.719999,17.080005,214300,6.591052
2004-01-26,16.180005,16.180005,15.709994,16.129995,43600,6.22445
2004-01-23,15.799995,16.099995,15.619995,16.060005,53500,6.197441
2004-01-22,16.060005,16.20,15.799995,15.850006,53800,6.116403
2004-01-21,15.960001,16.129995,15.81,15.949996,133600,6.154989
2004-01-20,15.760005,16.300004,15.100006,16.02,134400,6.182003
2004-01-16,15.33,15.880005,15.33,15.499995,79900,5.981337
2004-01-15,14.650005,15.670004,14.650005,15.499995,186100,5.981337
2004-01-14,13.999995,14.680005,13.20,14.67,385900,5.661048
2004-01-13,15.070005,15.619995,14.039999,14.159999,278700,5.464242
2004-01-12,15.619995,15.649994,15.06,15.580005,58500,6.012212
2004-01-09,14.989995,16.309995,14.13,15.220006,471300,5.873291
2004-01-08,16.56,16.56,15.139996,15.18,123300,5.857853
2004-01-07,16.530001,16.83,16.150005,16.540006,70000,6.38267
2004-01-06,16.11,16.549995,16.11,16.249995,51100,6.270757
2004-01-05,16.469999,17.07,15.99,16.590001,129300,6.401962
2004-01-02,16.50,16.650001,16.000005,16.219995,42700,6.25918
2003-12-31,16.879995,16.879995,16.240005,16.240005,51300,6.266901
2003-12-30,16.999995,17.170004,16.249995,16.930005,121900,6.533167
2003-12-29,18.250005,18.250005,17.410006,17.539995,92200,6.768558
2003-12-26,18.24,18.250005,17.950005,18.199996,65400,7.023248
2003-12-24,17.55,18.100006,17.539995,18.010005,97500,6.949932
2003-12-23,16.180005,18.00,15.940005,17.779994,537300,6.861172
2003-12-22,16.189995,16.23,15.42,16.000005,166800,6.174287
2003-12-19,16.459994,16.56,15.730004,16.05,69900,6.19358
2003-12-18,15.150001,17.200005,15.150001,16.360004,195000,6.313208
2003-12-17,15.45,15.99,15.139996,15.30,79200,5.90416
2003-12-16,16.570005,16.570005,15.379995,15.499995,78000,5.981337
2003-12-15,16.89,17.290006,16.420004,16.570005,125700,6.394246
2003-12-12,16.420004,16.77,16.17,16.590001,89700,6.401962
2003-12-11,15.430005,16.62,15.259995,16.32,120400,6.297771
2003-12-10,16.630005,16.630005,15.529994,15.850006,106800,6.116403
2003-12-09,16.459994,16.590001,15.599999,16.50,159000,6.367232
2003-12-08,16.08,16.099995,14.82,15.719999,76500,6.066235
2003-12-05,15.81,16.249995,15.430005,15.769996,65200,6.085528
2003-12-04,17.13,17.13,15.799995,16.14,277900,6.22831
2003-12-03,16.999995,17.19,16.80,16.80,275100,6.482999
2003-12-02,17.050004,17.500005,16.750005,17.290006,283200,6.672089
2003-12-01,15.57,17.340001,15.100006,17.039999,415900,6.575614
2003-11-28,15.190005,15.190005,14.860004,15.070005,69100,5.815407
2003-11-26,15.00,15.539999,14.830005,14.989995,103000,5.784532
2003-11-25,14.800004,15.190005,14.70,15.100006,558100,5.826984
2003-11-24,15.199996,15.30,14.770005,15.00,342000,5.788392
2003-11-21,15.349995,16.069995,14.58,15.190005,227200,5.861714
2003-11-20,13.999995,15.780001,13.939995,15.190005,853800,5.861714
2003-11-19,14.350006,14.500005,13.710001,13.990005,275400,5.398642
2003-11-18,12.559995,16.150005,12.559995,14.099999,1282200,5.441089
2003-11-17,10.65,10.999995,10.65,10.999995,19800,4.244819
2003-11-14,10.759995,10.95,10.459995,10.65,16300,4.109759
2003-11-13,10.750005,10.999995,10.750005,10.849995,26800,4.186935
2003-11-12,10.80,10.969995,10.750005,10.810005,8800,4.171503
2003-11-11,10.50,10.879995,10.50,10.789995,4000,4.163782
2003-11-10,10.180005,10.870005,10.129995,10.65,46000,4.109759
2003-11-07,10.030005,10.339995,10.030005,10.180005,4800,3.928391
2003-11-06,10.519995,10.519995,10.11,10.219995,7000,3.943823
2003-11-05,10.399995,10.600005,10.32,10.540005,36600,4.067312
2003-11-04,10.20,10.50,10.000005,10.399995,45000,4.013284
2003-11-03,10.56,10.56,9.850005,9.949995,34800,3.839632
2003-10-31,10.789995,10.990005,10.600005,10.600005,22800,4.090466
2003-10-30,10.849995,10.990005,10.849995,10.86,14700,4.190796
2003-10-29,10.699995,10.98,10.699995,10.98,16000,4.237103
2003-10-28,11.200005,11.350005,10.80,10.939995,11200,4.221666
2003-10-27,10.999995,11.350005,10.999995,11.350005,34000,4.379885
2003-10-24,11.290005,11.290005,10.999995,11.25,50400,4.341294
2003-10-23,11.34,11.40,11.029995,11.239995,23800,4.337433
2003-10-22,11.410005,11.470005,11.299995,11.470005,25900,4.426193
2003-10-21,9.859995,11.680005,9.859995,11.37,70900,4.387601
2003-10-20,9.90,10.38,9.90,10.23,16200,3.947684
2003-10-17,10.29,10.29,9.90,10.069995,9300,3.885939
2003-10-16,10.360005,10.50,10.129995,10.309995,38400,3.978553
2003-10-15,9.30,10.549995,9.30,10.330005,84400,3.986275
2003-10-14,8.950005,9.820005,8.950005,9.259995,11800,3.573366
2003-10-13,7.80,9.049995,7.80,8.94,24100,3.449882
2003-10-10,8.110005,8.25,8.110005,8.25,19600,3.183616
2003-10-09,8.149995,8.389995,8.059995,8.200005,10900,3.164323
2003-10-08,8.140005,8.239995,8.140005,8.149995,2800,3.145025
2003-10-07,8.050005,8.25,8.029995,8.110005,3900,3.129593
2003-10-06,7.999995,7.999995,7.879995,7.900005,2200,3.048555
2003-10-03,7.579995,7.990005,7.579995,7.990005,9900,3.083286
2003-10-02,8.16,8.16,7.729995,7.750005,9700,2.990671
2003-10-01,8.059995,8.119995,7.960005,8.119995,1800,3.133448
2003-09-30,7.960005,8.299995,7.909995,8.16,7900,3.148886
2003-09-29,8.029995,8.10,7.999995,8.029995,3400,3.098718
2003-09-26,8.140005,8.209995,8.04,8.059995,1500,3.110294
2003-09-25,8.389995,8.389995,7.999995,8.260005,2200,3.187477
2003-09-24,8.209995,8.449995,8.089995,8.449995,6700,3.260792
2003-09-23,8.46,8.46,8.110005,8.149995,2700,3.145025
2003-09-22,8.170005,8.350005,8.149995,8.16,21600,3.148886
2003-09-19,8.34,8.34,8.149995,8.149995,1900,3.145025
2003-09-18,8.479995,8.49,8.299995,8.350005,19600,3.222207
2003-09-17,8.290005,8.49,8.209995,8.49,35800,3.27623
2003-09-16,8.200005,8.25,8.140005,8.200005,9100,3.164323
2003-09-15,8.200005,8.389995,8.07,8.22,13600,3.172039
2003-09-12,7.50,8.350005,7.489995,8.19,29400,3.160462
2003-09-11,7.510005,7.519995,7.420005,7.420005,12600,2.863327
2003-09-10,7.74,7.74,7.56,7.56,2500,2.91735
2003-09-09,7.74,7.74,7.50,7.699995,10600,2.971373
2003-09-08,7.44,7.750005,7.399995,7.50,10500,2.894196
2003-09-05,7.20,7.729995,7.150005,7.50,54900,2.894196
2003-09-04,7.030005,7.249995,7.030005,7.159995,9400,2.762991
2003-09-03,7.429995,7.429995,7.05,7.099995,11200,2.739837
2003-09-02,7.060005,7.189995,6.99,7.11,11700,2.743698
2003-08-29,7.219995,7.360005,6.90,7.000005,104800,2.701252
2003-08-28,7.510005,7.510005,7.189995,7.189995,31300,2.774568
2003-08-27,7.249995,7.519995,7.159995,7.249995,24100,2.797721
2003-08-26,7.249995,7.420005,7.150005,7.29,38400,2.813159
2003-08-25,7.249995,7.450005,7.069995,7.330005,42600,2.828596
2003-08-22,7.50,7.50,7.05,7.05,31000,2.720544
2003-08-21,7.600005,7.600005,7.000005,7.060005,106200,2.724405
2003-08-20,7.20,7.300005,7.05,7.20,1981500,2.778428
2003-08-19,7.23,7.38,7.11,7.20,9600,2.778428
2003-08-18,7.459995,7.459995,7.219995,7.399995,8800,2.855605
2003-08-15,7.11,7.459995,7.099995,7.459995,1800,2.878759
2003-08-14,7.420005,7.56,7.120005,7.50,4600,2.894196
2003-08-13,7.480005,7.53,7.219995,7.23,13900,2.790005
2003-08-12,7.099995,7.600005,6.949995,7.480005,48400,2.88648
2003-08-11,6.81,7.099995,6.619995,6.619995,31800,2.554609
2003-08-08,7.02,7.05,6.910005,6.970005,1600,2.689675
2003-08-07,7.099995,7.11,7.05,7.099995,10900,2.739837
2003-08-06,7.120005,7.120005,6.970005,7.090005,7300,2.735982
2003-08-05,7.129995,7.129995,7.129995,7.129995,1000,2.751414
2003-08-04,7.240005,7.29,7.240005,7.29,1000,2.813159
2003-08-01,7.399995,7.399995,7.159995,7.17,8700,2.766852
2003-07-31,7.20,7.600005,7.14,7.459995,17400,2.878759
2003-07-30,7.26,7.270005,7.249995,7.249995,4600,2.797721
2003-07-29,7.50,7.50,7.219995,7.459995,32700,2.878759
2003-07-28,7.579995,7.600005,7.41,7.420005,20200,2.863327
2003-07-25,7.56,7.56,7.450005,7.489995,2800,2.890335
2003-07-24,7.690005,7.690005,7.579995,7.579995,8200,2.925066
2003-07-23,7.74,7.74,7.600005,7.600005,33700,2.932787
2003-07-22,7.41,7.65,7.41,7.65,1800,2.95208
2003-07-21,7.26,7.420005,7.26,7.41,15700,2.859466
2003-07-18,7.450005,7.50,7.32,7.429995,20100,2.867182
2003-07-17,7.510005,7.639995,7.480005,7.480005,12300,2.88648
2003-07-16,7.450005,7.450005,7.450005,7.450005,000,2.874904
2003-07-15,7.450005,7.450005,7.450005,7.450005,1800,2.874904
2003-07-14,7.44,7.50,7.44,7.489995,3600,2.890335
2003-07-11,7.540005,7.65,7.50,7.50,3300,2.894196
2003-07-10,7.420005,7.429995,7.420005,7.420005,700,2.863327
2003-07-09,7.309995,7.50,7.309995,7.41,2100,2.859466
2003-07-08,7.459995,7.71,7.450005,7.450005,22200,2.874904
2003-07-07,7.339995,7.50,7.219995,7.450005,12300,2.874904
2003-07-03,7.390005,7.50,7.35,7.390005,26700,2.85175
2003-07-02,7.390005,7.50,7.390005,7.390005,10200,2.85175
2003-07-01,7.47,7.489995,7.41,7.41,37900,2.859466
2003-06-30,7.360005,7.62,7.360005,7.459995,2100,2.878759
2003-06-27,7.50,7.50,7.459995,7.459995,2800,2.878759
2003-06-26,7.53,7.690005,7.53,7.639995,900,2.948219
2003-06-25,7.50,7.600005,7.450005,7.59,14400,2.928927
2003-06-24,7.65,7.65,7.50,7.50,53500,2.894196
2003-06-23,7.65,7.750005,7.600005,7.600005,4000,2.932787
2003-06-20,7.630005,7.699995,7.59,7.65,31500,2.95208
2003-06-19,7.59,7.59,7.59,7.59,100,2.928927
2003-06-18,7.750005,7.849995,7.74,7.74,5700,2.98681
2003-06-17,7.77,7.810005,7.77,7.80,24400,3.009964
2003-06-16,7.77,7.77,7.750005,7.759995,5800,2.994526
2003-06-13,7.999995,7.999995,7.999995,7.999995,000,3.087141
2003-06-12,7.879995,7.999995,7.879995,7.999995,5700,3.087141
2003-06-11,7.780005,7.789995,7.780005,7.780005,1600,3.002248
2003-06-10,7.77,7.900005,7.77,7.879995,5700,3.040834
2003-06-09,7.750005,7.900005,7.750005,7.810005,2200,3.013825
2003-06-06,7.59,8.01,7.549995,7.909995,11800,3.05241
2003-06-05,7.900005,7.900005,7.180005,7.690005,25200,2.967518
2003-06-04,8.029995,8.029995,8.029995,8.029995,1500,3.098718
2003-06-03,8.689995,8.689995,7.690005,8.050005,11800,3.106439
2003-06-02,8.79,8.94,8.689995,8.749995,5100,3.37656
2003-05-30,8.01,9.06,7.639995,8.689995,69900,3.353407
2003-05-29,6.820005,7.900005,6.799995,7.65,46300,2.95208
2003-05-28,6.499995,6.769995,6.490005,6.709995,6900,2.589339
2003-05-27,6.45,6.460005,6.45,6.460005,900,2.49287
2003-05-23,6.700005,6.700005,5.830005,6.42,30100,2.477432
2003-05-22,6.51,6.790005,6.51,6.790005,13200,2.620214
2003-05-21,6.250005,6.619995,6.250005,6.580005,10600,2.539177
2003-05-20,6.190005,6.30,6.190005,6.259995,4500,2.415687
2003-05-19,6.610005,6.610005,5.929995,6.250005,23700,2.411832
2003-05-16,6.78,6.78,6.649995,6.66,1600,2.570046
2003-05-15,6.889995,6.889995,6.790005,6.799995,6100,2.624069
2003-05-14,6.829995,6.949995,6.829995,6.90,24000,2.66266
2003-05-13,6.72,6.99,6.520005,6.970005,14200,2.689675
2003-05-12,6.24,7.000005,6.190005,6.739995,26400,2.600916
2003-05-09,6.130005,6.349995,6.130005,6.310005,10600,2.434986
2003-05-08,5.839995,6.319995,5.82,6.319995,11100,2.438841
2003-05-07,5.82,5.989995,5.82,5.85,2500,2.257473
2003-05-06,5.82,5.980005,5.82,5.88,5400,2.26905
2003-05-05,5.800005,5.920005,5.800005,5.860005,19000,2.261334
2003-05-02,5.800005,5.920005,5.800005,5.809995,7600,2.242035
2003-05-01,5.809995,5.839995,5.800005,5.809995,1900,2.242035
2003-04-30,5.800005,5.950005,5.800005,5.809995,14500,2.242035
2003-04-29,5.800005,5.929995,5.800005,5.839995,6100,2.253612
2003-04-28,5.830005,5.920005,5.800005,5.800005,11500,2.23818
2003-04-25,5.85,5.950005,5.85,5.860005,9700,2.261334
2003-04-24,5.899995,5.929995,5.809995,5.85,17100,2.257473
2003-04-23,5.860005,5.950005,5.860005,5.94,18100,2.292203
2003-04-22,5.800005,5.869995,5.800005,5.869995,900,2.265189
2003-04-21,5.97,5.989995,5.85,5.899995,4000,2.276766
2003-04-17,5.85,5.869995,5.800005,5.85,18100,2.257473
2003-04-16,5.82,5.899995,5.809995,5.809995,3900,2.242035
2003-04-15,5.809995,5.839995,5.809995,5.82,3700,2.245896
2003-04-14,5.800005,5.839995,5.800005,5.839995,1500,2.253612
2003-04-11,5.800005,6.00,5.800005,5.839995,2400,2.253612
2003-04-10,5.800005,5.800005,5.800005,5.800005,900,2.23818
2003-04-09,5.800005,5.809995,5.800005,5.809995,1500,2.242035
2003-04-08,5.82,5.839995,5.82,5.82,9100,2.245896
2003-04-07,5.85,5.94,5.85,5.85,310800,2.257473
2003-04-04,5.929995,5.97,5.85,5.950005,8500,2.296064
2003-04-03,5.959995,5.959995,5.860005,5.88,3300,2.26905
2003-04-02,5.740005,6.499995,5.740005,5.91,47200,2.280627
2003-04-01,5.85,5.85,5.70,5.800005,4600,2.23818
2003-03-31,5.719995,5.82,5.70,5.70,177600,2.199589
2003-03-28,5.680005,5.82,5.680005,5.719995,12600,2.207305
2003-03-27,5.650005,5.82,5.599995,5.800005,321700,2.23818
2003-03-26,5.620005,5.620005,5.500005,5.55,31300,2.141705
2003-03-25,5.64,5.64,5.52,5.52,19600,2.130128
2003-03-24,5.530005,5.58,5.52,5.560005,3900,2.145566
2003-03-21,5.530005,5.590005,5.530005,5.590005,3400,2.157143
2003-03-20,5.980005,5.980005,5.500005,5.590005,61900,2.157143
2003-03-19,5.689995,5.719995,5.61,5.67,12100,2.188012
2003-03-18,5.770005,5.770005,5.689995,5.689995,5200,2.195728
2003-03-17,5.779995,6.010005,5.689995,5.779995,40200,2.230459
2003-03-14,5.800005,6.100005,5.61,5.85,242100,2.257473
2003-03-13,6.00,6.03,5.749995,6.03,13900,2.326934
2003-03-12,6.010005,6.010005,5.899995,5.899995,30900,2.276766
2003-03-11,6.010005,6.049995,6.00,6.049995,5100,2.33465
2003-03-10,6.049995,6.06,6.00,6.010005,8800,2.319218
2003-03-07,6.00,6.019995,6.00,6.00,7500,2.315357
2003-03-06,6.00,6.049995,6.00,6.00,12900,2.315357
2003-03-05,6.00,6.049995,6.00,6.010005,11200,2.319218
2003-03-04,6.049995,6.070005,6.049995,6.049995,77800,2.33465
2003-03-03,6.139995,6.139995,6.070005,6.139995,3100,2.36938
2003-02-28,6.040005,6.18,6.040005,6.079995,173500,2.346226
2003-02-27,5.989995,6.00,5.989995,6.00,2500,2.315357
2003-02-26,6.00,6.040005,5.950005,6.00,52500,2.315357
2003-02-25,6.109995,6.109995,6.049995,6.049995,18100,2.33465
2003-02-24,6.199995,6.250005,6.049995,6.049995,28000,2.33465
2003-02-21,6.289995,6.289995,6.21,6.21,1300,2.396394
2003-02-20,6.21,6.21,6.21,6.21,100,2.396394
2003-02-19,6.250005,6.319995,6.199995,6.310005,3400,2.434986
2003-02-18,6.00,6.30,5.76,6.229995,153000,2.40411
2003-02-14,6.010005,6.010005,6.00,6.010005,1900,2.319218
2003-02-13,6.019995,6.079995,5.950005,6.079995,9400,2.346226
2003-02-12,6.049995,6.079995,6.049995,6.070005,7300,2.342371
2003-02-11,6.019995,6.109995,6.019995,6.040005,22300,2.330795
2003-02-10,6.09,6.09,6.00,6.00,600,2.315357
2003-02-07,6.100005,6.15,6.019995,6.049995,25300,2.33465
2003-02-06,6.280005,6.30,6.100005,6.100005,16000,2.353948
2003-02-05,6.220005,6.280005,6.220005,6.220005,1200,2.400255
2003-02-04,6.15,6.400005,6.049995,6.370005,27600,2.458139
2003-02-03,6.190005,6.400005,6.019995,6.400005,21000,2.469716
2003-01-31,6.109995,6.169995,6.049995,6.169995,10200,2.380957
2003-01-30,6.199995,6.199995,6.00,6.100005,15700,2.353948
2003-01-29,6.199995,6.199995,6.100005,6.190005,1900,2.388678
2003-01-28,6.199995,6.199995,6.09,6.09,700,2.350087
2003-01-27,6.18,6.199995,6.049995,6.06,15700,2.338511
2003-01-24,6.130005,6.190005,6.100005,6.18,10300,2.384818
2003-01-23,6.130005,6.15,6.130005,6.15,700,2.373241
2003-01-22,6.12,6.220005,6.049995,6.220005,8200,2.400255
2003-01-21,6.199995,6.379995,6.199995,6.199995,3900,2.392534
2003-01-17,6.199995,6.199995,6.199995,6.199995,000,2.392534
2003-01-16,6.30,6.30,6.100005,6.199995,19200,2.392534
2003-01-15,6.199995,6.48,6.15,6.400005,45900,2.469716
2003-01-14,6.130005,6.45,6.00,6.049995,26400,2.33465
2003-01-13,6.199995,6.250005,6.15,6.15,2400,2.373241
2003-01-10,6.160005,6.250005,6.15,6.169995,7300,2.380957
2003-01-09,6.070005,6.229995,6.070005,6.229995,7900,2.40411
2003-01-08,6.30,6.30,6.079995,6.100005,20500,2.353948
2003-01-07,6.280005,6.490005,6.250005,6.349995,82300,2.450417
2003-01-06,6.250005,6.280005,6.199995,6.27,18300,2.419548
2003-01-03,6.280005,6.280005,6.199995,6.199995,3900,2.392534
2003-01-02,6.280005,6.289995,6.280005,6.289995,4500,2.427264
2002-12-31,5.79,6.289995,5.79,6.24,15600,2.407971
2002-12-30,5.650005,5.929995,5.569995,5.929995,18400,2.288343
2002-12-27,5.659995,5.800005,5.500005,5.500005,52600,2.122413
2002-12-26,5.950005,6.03,5.70,5.73,56400,2.211166
2002-12-24,6.00,6.139995,5.97,5.97,84000,2.30378
2002-12-23,6.15,6.160005,5.890005,6.079995,57100,2.346226
2002-12-20,6.100005,6.340005,6.00,6.199995,66300,2.392534
2002-12-19,6.310005,6.33,6.199995,6.250005,22600,2.411832
2002-12-18,6.319995,6.400005,6.30,6.349995,10500,2.450417
2002-12-17,6.640005,6.640005,6.349995,6.430005,27400,2.481293
2002-12-16,7.030005,7.08,6.019995,6.490005,75300,2.504446
2002-12-13,7.030005,7.030005,6.90,6.949995,31600,2.681953
2002-12-12,6.90,7.150005,6.90,7.14,21600,2.755275
2002-12-11,7.039995,7.039995,6.75,6.910005,51600,2.666521
2002-12-10,7.08,7.120005,6.880005,7.120005,24300,2.747559
2002-12-09,7.309995,7.309995,7.009995,7.150005,48900,2.759136
2002-12-06,7.300005,7.339995,7.189995,7.210005,17800,2.782289
2002-12-05,7.309995,7.32,7.20,7.270005,6100,2.805443
2002-12-04,7.20,7.399995,7.20,7.300005,410100,2.81702
2002-12-03,7.420005,7.450005,7.17,7.240005,59100,2.793866
2002-12-02,7.399995,7.519995,7.399995,7.480005,11500,2.88648
2002-11-29,7.50,7.720005,7.009995,7.519995,20800,2.901912
2002-11-27,7.53,7.600005,7.50,7.519995,11400,2.901912
2002-11-26,7.609995,7.789995,7.53,7.53,14400,2.905773
2002-11-25,7.609995,7.699995,7.609995,7.699995,5800,2.971373
2002-11-22,7.699995,7.900005,7.540005,7.62,12900,2.940503
2002-11-21,7.56,7.780005,7.56,7.669995,5100,2.959796
2002-11-20,7.68,7.849995,7.53,7.65,30400,2.95208
2002-11-19,7.56,7.65,7.56,7.630005,5400,2.944364
2002-11-18,7.56,7.579995,7.53,7.540005,20700,2.909634
2002-11-15,7.609995,7.609995,7.549995,7.56,7000,2.91735
2002-11-14,7.780005,7.780005,7.639995,7.639995,2400,2.948219
2002-11-13,7.609995,7.62,7.609995,7.62,600,2.940503
2002-11-12,7.630005,7.789995,7.630005,7.71,5200,2.975234
2002-11-11,7.750005,7.789995,7.65,7.699995,3700,2.971373
2002-11-08,7.699995,7.849995,7.609995,7.80,7600,3.009964
2002-11-07,7.600005,7.74,7.600005,7.65,14800,2.95208
2002-11-06,7.720005,7.80,7.609995,7.609995,12600,2.936642
2002-11-05,7.65,7.80,7.630005,7.630005,15000,2.944364
2002-11-04,7.83,7.83,7.690005,7.80,20800,3.009964
2002-11-01,7.74,7.750005,7.639995,7.690005,10800,2.967518
2002-10-31,7.89,7.89,7.750005,7.849995,8500,3.029257
2002-10-30,7.89,7.89,7.729995,7.750005,11700,2.990671
2002-10-29,7.750005,7.870005,7.74,7.870005,33300,3.036978
2002-10-28,7.71,7.789995,7.600005,7.690005,22500,2.967518
2002-10-25,7.699995,7.699995,7.600005,7.600005,1000,2.932787
2002-10-24,7.630005,7.699995,7.600005,7.690005,16500,2.967518
2002-10-23,7.62,7.900005,7.600005,7.660005,32100,2.955941
2002-10-22,7.510005,7.630005,7.510005,7.630005,3300,2.944364
2002-10-21,7.510005,7.699995,7.510005,7.699995,10200,2.971373
2002-10-18,7.660005,7.660005,7.510005,7.510005,1500,2.898057
2002-10-17,7.870005,7.939995,7.50,7.939995,22200,3.063987
2002-10-16,7.849995,7.999995,7.50,7.900005,12000,3.048555
2002-10-15,7.699995,7.969995,7.699995,7.969995,24400,3.075564
2002-10-14,7.600005,7.690005,7.450005,7.609995,8400,2.936642
2002-10-11,7.50,7.549995,7.50,7.549995,8500,2.913489
2002-10-10,7.450005,7.450005,7.450005,7.450005,1300,2.874904
2002-10-09,7.59,7.74,7.369995,7.549995,15100,2.913489
2002-10-08,7.50,7.74,7.429995,7.729995,196500,2.98295
2002-10-07,7.399995,7.450005,7.20,7.450005,88500,2.874904
2002-10-04,7.780005,7.780005,7.53,7.74,10000,2.98681
2002-10-03,7.71,7.95,7.690005,7.789995,11800,3.006103
2002-10-02,7.699995,7.699995,7.399995,7.639995,36400,2.948219
2002-10-01,7.68,7.690005,7.540005,7.690005,12900,2.967518
2002-09-30,7.44,7.690005,7.300005,7.690005,36600,2.967518
2002-09-27,7.59,7.819995,7.330005,7.330005,16800,2.828596
2002-09-26,7.480005,7.900005,7.480005,7.669995,12600,2.959796
2002-09-25,7.330005,8.10,7.330005,7.750005,17100,2.990671
2002-09-24,7.660005,7.80,7.330005,7.330005,8500,2.828596
2002-09-23,7.780005,7.969995,7.65,7.930005,6400,3.060132
2002-09-20,7.35,7.519995,7.35,7.50,6300,2.894196
2002-09-19,7.639995,7.780005,7.50,7.50,10500,2.894196
2002-09-18,7.98,7.98,7.549995,7.600005,11500,2.932787
2002-09-17,8.050005,8.089995,7.98,8.059995,9100,3.110294
2002-09-16,7.80,8.080005,7.789995,7.990005,29500,3.083286
2002-09-13,7.729995,7.960005,7.729995,7.80,34800,3.009964
2002-09-12,7.50,7.810005,7.279995,7.510005,14800,2.898057
2002-09-11,7.399995,7.939995,7.20,7.41,27000,2.859466
2002-09-10,7.65,7.939995,7.65,7.92,13000,3.056271
2002-09-09,7.300005,7.750005,7.20,7.519995,24100,2.901912
2002-09-06,7.450005,7.50,7.300005,7.300005,14400,2.81702
2002-09-05,7.360005,7.50,7.219995,7.429995,15100,2.867182
2002-09-04,7.50,7.53,7.210005,7.53,7800,2.905773
2002-09-03,7.53,7.59,7.300005,7.489995,24900,2.890335
2002-08-30,7.489995,7.600005,7.210005,7.41,56800,2.859466
2002-08-29,7.540005,7.95,7.210005,7.210005,38200,2.782289
2002-08-28,7.399995,7.840005,7.20,7.390005,32400,2.85175
2002-08-27,7.89,7.89,7.420005,7.420005,1500,2.863327
2002-08-26,7.65,7.750005,7.549995,7.750005,17500,2.990671
2002-08-23,7.459995,8.080005,7.399995,7.65,7300,2.95208
2002-08-22,7.309995,7.609995,7.309995,7.41,101700,2.859466
2002-08-21,7.120005,7.270005,7.069995,7.240005,23200,2.793866
2002-08-20,7.35,7.519995,7.039995,7.32,20100,2.824736
2002-08-19,7.489995,7.56,7.41,7.50,22200,2.894196
2002-08-16,7.32,7.480005,7.32,7.480005,3700,2.88648
2002-08-15,7.369995,7.660005,7.26,7.309995,23800,2.820875
2002-08-14,7.570005,7.570005,7.270005,7.339995,12700,2.832451
2002-08-13,7.11,7.990005,7.11,7.65,24600,2.95208
2002-08-12,7.17,7.399995,7.17,7.35,20800,2.836312
2002-08-09,7.35,7.399995,7.17,7.219995,12900,2.786144
2002-08-08,7.519995,7.579995,7.399995,7.399995,22900,2.855605
2002-08-07,7.92,7.92,7.510005,7.570005,26500,2.921211
2002-08-06,7.59,8.269995,7.59,7.92,10600,3.056271
2002-08-05,7.579995,7.900005,7.450005,7.579995,15400,2.925066
2002-08-02,7.86,7.999995,7.600005,7.690005,4800,2.967518
2002-08-01,8.28,8.28,7.870005,7.939995,37800,3.063987
2002-07-31,7.50,8.31,7.50,8.209995,59100,3.168178
2002-07-30,7.180005,7.399995,7.180005,7.399995,27400,2.855605
2002-07-29,6.460005,7.390005,6.460005,7.159995,27600,2.762991
2002-07-26,6.049995,6.460005,6.040005,6.439995,13000,2.485148
2002-07-25,6.529995,6.529995,6.100005,6.169995,18600,2.380957
2002-07-24,6.580005,6.829995,6.199995,6.559995,37200,2.531455
2002-07-23,6.790005,6.90,6.550005,6.589995,39400,2.543032
2002-07-22,6.850005,7.060005,6.790005,6.790005,45400,2.620214
2002-07-19,7.000005,7.000005,6.730005,6.880005,38100,2.654945
2002-07-18,6.93,7.060005,6.93,6.99,14700,2.697391
2002-07-17,6.910005,7.249995,6.859995,7.099995,31300,2.739837
2002-07-16,7.060005,7.150005,6.859995,6.889995,24100,2.6588
2002-07-15,7.180005,7.180005,6.910005,6.99,29800,2.697391
2002-07-12,7.339995,7.399995,7.189995,7.20,24400,2.778428
2002-07-11,7.300005,7.480005,7.20,7.210005,19000,2.782289
2002-07-10,7.060005,7.35,7.060005,7.150005,14200,2.759136
2002-07-09,7.17,7.26,7.05,7.060005,28300,2.724405
2002-07-08,7.339995,7.339995,7.030005,7.099995,80800,2.739837
2002-07-05,7.11,7.50,7.08,7.189995,52300,2.774568
2002-07-03,7.009995,7.189995,6.850005,7.099995,97200,2.739837
2002-07-02,7.399995,7.399995,7.05,7.05,56200,2.720544
2002-07-01,7.399995,7.399995,7.099995,7.26,40500,2.801582
2002-06-28,7.29,7.89,7.05,7.50,536700,2.894196
2002-06-27,7.77,8.050005,7.300005,7.300005,39300,2.81702
2002-06-26,8.19,8.19,7.609995,7.65,18400,2.95208
2002-06-25,8.49,8.64,8.209995,8.209995,58300,3.168178
2002-06-24,8.19,8.85,8.170005,8.64,71200,3.334114
2002-06-21,7.68,8.839995,7.50,7.999995,83200,3.087141
2002-06-20,7.510005,7.810005,7.510005,7.750005,31900,2.990671
2002-06-19,7.669995,7.729995,7.50,7.50,24700,2.894196
2002-06-18,7.44,7.65,7.300005,7.300005,37800,2.81702
2002-06-17,7.62,7.630005,7.249995,7.390005,24000,2.85175
2002-06-14,7.62,7.77,7.399995,7.399995,29800,2.855605
2002-06-13,7.450005,7.900005,7.32,7.89,21100,3.044695
2002-06-12,7.849995,7.849995,7.099995,7.429995,41500,2.867182
2002-06-11,7.44,7.900005,7.44,7.600005,29200,2.932787
2002-06-10,7.29,7.300005,7.240005,7.300005,27900,2.81702
2002-06-07,7.44,7.44,7.150005,7.300005,42300,2.81702
2002-06-06,7.29,7.519995,7.249995,7.480005,91200,2.88648
2002-06-05,7.600005,7.600005,7.35,7.360005,9300,2.840173
2002-06-04,7.309995,7.609995,7.23,7.600005,28300,2.932787
2002-06-03,7.900005,7.900005,7.05,7.210005,86700,2.782289
2002-05-31,7.459995,7.939995,7.35,7.83,93100,3.021541
2002-05-30,7.80,7.80,7.450005,7.450005,140500,2.874904
2002-05-29,7.95,7.95,7.750005,7.750005,36100,2.990671
2002-05-28,7.95,7.95,7.80,7.870005,58900,3.036978
2002-05-24,8.149995,8.149995,7.86,7.95,44400,3.067848
2002-05-23,8.350005,8.410005,7.969995,8.059995,19900,3.110294
2002-05-22,8.350005,8.350005,7.900005,8.149995,38500,3.145025
2002-05-21,8.299995,8.55,7.999995,8.020005,16900,3.094862
2002-05-20,8.64,8.64,8.149995,8.149995,18000,3.145025
2002-05-17,8.599995,8.950005,8.050005,8.49,51100,3.27623
2002-05-16,8.40,8.64,8.239995,8.31,202300,3.206769
2002-05-15,8.64,8.650005,8.449995,8.629995,11400,3.330253
2002-05-14,8.119995,8.650005,8.119995,8.530005,101700,3.291668
2002-05-13,8.599995,8.650005,8.16,8.350005,39600,3.222207
2002-05-10,8.719995,9.00,8.61,8.620005,61300,3.326398
2002-05-09,9.12,9.229995,8.740005,8.749995,22900,3.37656
2002-05-08,8.79,9.250005,8.500005,9.130005,113200,3.523203
2002-05-07,8.650005,9.259995,8.40,8.79,151300,3.391998
2002-05-06,8.830005,9.18,8.020005,8.650005,49200,3.337975
2002-05-03,9.019995,9.190005,8.76,9.100005,49900,3.511627
2002-05-02,8.860005,9.00,8.76,9.00,45900,3.473035
2002-05-01,9.00,9.00,8.749995,8.800005,9100,3.395859
2002-04-30,9.00,9.049995,8.40,9.00,45000,3.473035
2002-04-29,8.980005,8.989995,8.70,8.710005,13200,3.361129
2002-04-26,8.410005,9.00,8.260005,9.00,42300,3.473035
2002-04-25,8.290005,9.00,7.810005,8.52,97600,3.287807
2002-04-24,7.939995,8.599995,7.909995,8.359995,78400,3.226062
2002-04-23,8.089995,8.089995,7.750005,7.879995,78100,3.040834
2002-04-22,8.950005,8.950005,7.999995,8.170005,54300,3.152746
2002-04-19,9.00,9.250005,8.800005,9.00,46600,3.473035
2002-04-18,9.36,9.36,9.12,9.12,32400,3.519343
2002-04-17,8.88,9.349995,8.88,9.259995,32500,3.573366
2002-04-16,9.310005,9.550005,8.500005,8.91,58300,3.438305
2002-04-15,9.30,9.319995,8.67,9.259995,37900,3.573366
2002-04-12,9.06,9.21,7.999995,9.079995,59500,3.503905
2002-04-11,9.499995,9.679995,8.500005,9.010005,61300,3.476896
2002-04-10,9.310005,9.610005,9.070005,9.610005,81000,3.708432
2002-04-09,8.46,9.42,8.46,9.160005,32800,3.53478
2002-04-08,9.589995,9.60,8.149995,8.509995,84700,3.283946
2002-04-05,9.72,10.05,9.649995,9.649995,25000,3.723864
2002-04-04,10.50,10.53,9.700005,9.850005,53200,3.801046
2002-04-03,10.030005,10.699995,9.96,10.309995,200400,3.978553
2002-04-02,9.949995,10.090005,9.760005,9.949995,58900,3.839632
2002-04-01,9.970005,10.159995,9.889995,10.099995,130500,3.897516
2002-03-28,9.790005,10.039995,9.730005,9.859995,52000,3.804901
2002-03-27,9.51,10.20,9.51,9.889995,119400,3.816478
2002-03-26,9.460005,9.949995,9.349995,9.730005,61500,3.754739
2002-03-25,9.679995,9.970005,9.48,9.559995,68100,3.689134
2002-03-22,10.77,10.930005,9.370005,9.499995,98400,3.66598
2002-03-21,10.11,10.80,10.11,10.68,77500,4.121335
2002-03-20,10.309995,10.690005,10.069995,10.240005,29800,3.951545
2002-03-19,9.499995,10.50,9.499995,10.210005,73600,3.939968
2002-03-18,9.379995,10.420005,9.310005,9.940005,104200,3.835777
2002-03-15,8.899995,9.39,8.899995,9.310005,77500,3.592664
2002-03-14,8.55,8.989995,8.449995,8.989995,50500,3.469175
2002-03-13,8.800005,9.09,8.389995,8.500005,87700,3.280091
2002-03-12,7.999995,8.800005,7.990005,8.779995,225100,3.388137
2002-03-11,7.990005,7.999995,7.819995,7.909995,79200,3.05241
2002-03-08,7.840005,8.10,7.750005,7.900005,134100,3.048555
2002-03-07,8.050005,8.050005,7.510005,7.639995,87100,2.948219
2002-03-06,7.80,8.050005,7.699995,7.900005,175500,3.048555
2002-03-05,8.07,8.07,7.600005,7.80,94500,3.009964
2002-03-04,7.900005,7.990005,7.71,7.900005,84100,3.048555
2002-03-01,7.80,7.879995,7.780005,7.80,59500,3.009964
2002-02-28,7.699995,7.900005,7.699995,7.819995,84700,3.01768
2002-02-27,7.89,7.990005,7.690005,7.699995,124000,2.971373
2002-02-26,7.840005,7.95,7.53,7.780005,106600,3.002248
2002-02-25,7.900005,7.900005,7.099995,7.489995,105900,2.890335
2002-02-22,7.249995,7.249995,7.009995,7.159995,48000,2.762991
2002-02-21,7.009995,7.270005,7.009995,7.120005,80200,2.747559
2002-02-20,7.369995,7.489995,6.949995,7.099995,90700,2.739837
2002-02-19,7.35,7.399995,7.08,7.270005,72000,2.805443
2002-02-15,7.519995,7.519995,7.210005,7.35,104800,2.836312
2002-02-14,7.50,7.729995,7.399995,7.420005,71700,2.863327
2002-02-13,7.150005,7.750005,6.90,7.399995,117100,2.855605
2002-02-12,7.129995,7.189995,6.760005,7.150005,15000,2.759136
2002-02-11,7.47,7.600005,7.099995,7.099995,37000,2.739837
2002-02-08,8.04,8.04,7.20,7.600005,32800,2.932787
2002-02-07,8.050005,8.089995,7.870005,7.879995,28900,3.040834
2002-02-06,7.960005,8.050005,7.65,7.909995,33100,3.05241
2002-02-05,7.840005,8.04,7.600005,7.999995,78700,3.087141
2002-02-04,7.390005,7.690005,7.35,7.630005,79500,2.944364
2002-02-01,6.589995,7.390005,6.589995,7.390005,100600,2.85175
2002-01-31,6.160005,6.490005,6.160005,6.490005,36400,2.504446
2002-01-30,6.190005,6.190005,6.00,6.139995,6700,2.36938
2002-01-29,6.250005,6.30,5.920005,6.040005,65100,2.330795
2002-01-28,5.959995,6.250005,5.959995,6.190005,28900,2.388678
2002-01-25,5.830005,5.899995,5.73,5.899995,91800,2.276766
2002-01-24,5.899995,6.03,5.49,5.800005,97500,2.23818
2002-01-23,5.530005,6.03,5.500005,5.70,156700,2.199589
2002-01-22,6.589995,6.75,5.119995,5.40,144400,2.083821
2002-01-18,6.379995,6.499995,6.349995,6.349995,8500,2.450417
2002-01-17,6.36,6.619995,6.36,6.48,18000,2.500586
2002-01-16,6.349995,6.499995,6.349995,6.48,21400,2.500586
2002-01-15,6.400005,6.60,6.379995,6.45,44400,2.489009
2002-01-14,6.90,6.90,6.45,6.589995,123100,2.543032
2002-01-11,6.850005,6.96,6.799995,6.889995,77100,2.6588
2002-01-10,6.66,7.030005,6.66,6.99,39400,2.697391
2002-01-09,6.409995,7.099995,6.400005,7.000005,59400,2.701252
2002-01-08,6.250005,6.829995,6.220005,6.829995,75300,2.635646
2002-01-07,6.079995,6.75,5.800005,6.30,108600,2.431125
2002-01-04,7.099995,7.219995,6.499995,6.90,87600,2.66266
2002-01-03,7.450005,7.450005,7.08,7.29,32800,2.813159
2002-01-02,7.939995,7.939995,7.20,7.819995,75400,3.01768
2001-12-31,7.699995,7.92,7.699995,7.77,67800,2.998387
2001-12-28,7.099995,7.720005,7.099995,7.549995,88900,2.913489
2001-12-27,6.90,7.420005,6.730005,7.35,178300,2.836312
2001-12-26,6.349995,7.000005,6.319995,7.000005,165700,2.701252
2001-12-24,6.250005,6.400005,6.250005,6.349995,97500,2.450417
2001-12-21,6.15,6.30,6.15,6.21,136300,2.396394
2001-12-20,6.400005,6.400005,6.199995,6.220005,129000,2.400255
2001-12-19,6.130005,6.400005,6.12,6.33,104100,2.442701
2001-12-18,6.289995,6.400005,6.12,6.15,191100,2.373241
2001-12-17,6.15,6.400005,6.100005,6.30,67000,2.431125
2001-12-14,6.100005,6.349995,6.100005,6.30,77200,2.431125
2001-12-13,6.15,6.39,6.00,6.15,238300,2.373241
2001-12-12,5.869995,6.349995,5.800005,6.30,211300,2.431125
2001-12-11,5.419995,5.749995,5.320005,5.749995,162100,2.218882
2001-12-10,5.70,5.740005,5.260005,5.40,66100,2.083821
2001-12-07,5.70,5.70,5.55,5.70,151300,2.199589
2001-12-06,5.34,5.70,5.16,5.70,159400,2.199589
2001-12-05,5.37,5.40,5.050005,5.16,162600,1.991207
2001-12-04,4.999995,5.350005,4.999995,5.31,243600,2.049091
2001-12-03,5.500005,5.500005,4.95,4.969995,804300,1.917885
2001-11-30,4.939995,5.500005,4.41,5.40,2349600,2.083821
2001-11-29,4.780005,4.999995,4.26,4.26,1037500,1.643903
2001-11-28,5.500005,5.500005,4.750005,4.77,84000,1.840709
2001-11-27,5.779995,5.85,5.25,5.260005,26200,2.029798
2001-11-26,5.85,5.920005,5.749995,5.770005,63700,2.226603
2001-11-23,5.830005,5.899995,5.719995,5.800005,79300,2.23818
2001-11-21,5.94,5.94,5.599995,5.770005,73800,2.226603
2001-11-20,6.199995,6.199995,5.569995,5.569995,100500,2.149421
2001-11-19,6.87,6.87,6.199995,6.48,59100,2.500586
2001-11-16,6.580005,6.940005,6.45,6.490005,12900,2.504446
2001-11-15,7.360005,7.360005,6.649995,6.649995,42000,2.566185
2001-11-14,7.360005,7.639995,6.940005,6.949995,37300,2.681953
2001-11-13,7.600005,7.750005,7.000005,7.450005,27300,2.874904
2001-11-12,7.300005,7.35,6.700005,6.90,30300,2.66266
2001-11-09,7.399995,7.549995,7.399995,7.450005,5400,2.874904
2001-11-08,7.600005,7.600005,7.41,7.459995,68500,2.878759
2001-11-07,7.459995,7.600005,7.399995,7.399995,26100,2.855605
2001-11-06,7.41,7.699995,7.41,7.429995,47500,2.867182
2001-11-05,7.80,8.01,7.279995,7.50,65500,2.894196
2001-11-02,8.04,8.04,7.50,7.990005,53500,3.083286
2001-11-01,8.239995,8.239995,7.909995,7.999995,87000,3.087141
2001-10-31,8.500005,9.00,8.170005,8.260005,328200,3.187477
2001-10-30,6.820005,6.889995,6.370005,6.700005,80700,2.585484
2001-10-29,6.619995,6.880005,6.619995,6.799995,2100,2.624069
2001-10-26,7.05,7.150005,6.109995,6.60,15600,2.546893
2001-10-25,6.649995,7.249995,6.379995,6.949995,116800,2.681953
2001-10-24,6.499995,6.499995,6.36,6.379995,7500,2.461994
2001-10-23,7.249995,7.300005,6.499995,6.499995,23100,2.508302
2001-10-22,5.70,7.339995,5.70,7.249995,44500,2.797721
2001-10-19,6.250005,6.250005,5.55,5.55,30000,2.141705
2001-10-18,6.250005,6.30,5.749995,6.109995,19300,2.357803
2001-10-17,5.959995,6.250005,5.749995,6.21,87900,2.396394
2001-10-16,5.179995,6.06,5.179995,5.70,50700,2.199589
2001-10-15,6.319995,6.45,4.750005,5.089995,46300,1.964193
2001-10-12,7.069995,7.069995,5.929995,5.950005,58300,2.296064
2001-10-11,6.529995,6.75,6.529995,6.63,5400,2.558469
2001-10-10,6.87,6.87,6.529995,6.60,140400,2.546893
2001-10-09,6.75,7.099995,6.75,6.87,1900,2.651084
2001-10-08,7.02,7.05,6.649995,7.05,11400,2.720544
2001-10-05,7.150005,7.240005,7.000005,7.030005,18900,2.712828
2001-10-04,6.96,7.189995,6.81,7.099995,16200,2.739837
2001-10-03,7.150005,7.150005,6.63,6.75,50200,2.604777
2001-10-02,7.300005,7.300005,6.700005,6.799995,120300,2.624069
2001-10-01,7.20,7.450005,7.11,7.150005,10000,2.759136
2001-09-28,7.50,7.50,7.009995,7.270005,12000,2.805443
2001-09-27,7.480005,7.480005,6.829995,7.309995,30900,2.820875
2001-09-26,7.930005,7.930005,7.480005,7.510005,38200,2.898057
2001-09-25,7.930005,7.98,7.450005,7.50,54000,2.894196
2001-09-24,8.25,8.299995,7.50,7.56,198000,2.91735
2001-09-21,8.01,8.509995,7.999995,8.149995,50800,3.145025
2001-09-20,9.049995,9.340005,7.80,8.050005,117300,3.106439
2001-09-19,8.25,9.490005,7.699995,9.490005,21900,3.662125
2001-09-18,8.350005,8.37,7.699995,7.95,43000,3.067848
2001-09-17,8.740005,9.730005,7.50,8.080005,98400,3.118016
2001-09-10,8.16,8.34,8.050005,8.059995,44800,3.110294
2001-09-07,8.85,9.280005,7.999995,8.19,55500,3.160462
2001-09-06,9.24,9.24,8.85,8.85,18400,3.415152
2001-09-05,8.85,9.280005,8.85,9.24,77500,3.56565
2001-09-04,8.650005,9.30,8.560005,9.199995,41700,3.550212
2001-08-31,8.70,9.15,8.500005,9.15,41200,3.530919
2001-08-30,9.00,9.00,8.710005,8.710005,34800,3.361129
2001-08-29,8.899995,9.00,8.800005,9.00,32700,3.473035
2001-08-28,9.199995,9.199995,8.899995,9.00,93400,3.473035
2001-08-27,9.24,9.250005,9.100005,9.250005,36900,3.569511
2001-08-24,9.019995,9.24,9.019995,9.24,55200,3.56565
2001-08-23,9.00,9.27,9.00,9.010005,122100,3.476896
2001-08-22,9.250005,9.400005,8.650005,9.250005,49200,3.569511
2001-08-21,9.550005,9.57,9.079995,9.39,10600,3.623534
2001-08-20,9.499995,9.499995,9.00,9.499995,35100,3.66598
2001-08-17,9.33,9.529995,9.00,9.499995,43200,3.66598
2001-08-16,9.100005,9.60,9.049995,9.60,60000,3.704571
2001-08-15,9.60,9.60,9.00,9.100005,57300,3.511627
2001-08-14,9.259995,9.409995,9.049995,9.400005,89800,3.627395
2001-08-13,8.73,9.520005,8.710005,9.430005,96700,3.638971
2001-08-10,7.750005,8.85,7.720005,8.530005,682800,3.291668
2001-08-09,8.470005,8.470005,7.600005,7.999995,304800,3.087141
2001-08-08,9.400005,9.550005,7.92,8.10,416400,3.125732
2001-08-07,10.20,10.20,9.15,9.499995,835900,3.66598
2001-08-06,10.939995,10.939995,9.940005,10.000005,34800,3.85893
2001-08-03,11.61,11.899995,10.789995,10.900005,114000,4.206234
2001-08-02,13.530001,13.530001,11.419995,11.749995,98800,4.534239
2001-08-01,14.020005,14.290006,13.50,13.540006,28600,5.224991
2001-07-31,14.25,14.25,14.020005,14.020005,37300,5.410219
2001-07-30,14.230004,14.25,14.080005,14.19,18100,5.475819
2001-07-27,14.19,14.25,13.999995,14.25,7000,5.498973
2001-07-26,14.299995,14.299995,13.56,14.19,7900,5.475819
2001-07-25,14.01,14.440005,13.98,13.999995,30300,5.402498
2001-07-24,14.740005,14.749995,13.98,14.050004,17700,5.421796
2001-07-23,15.12,15.12,14.61,14.680005,23500,5.664908
2001-07-20,15.150001,15.150001,14.969999,14.969999,15900,5.776815
2001-07-19,15.18,15.289995,15.00,15.190005,5500,5.861714
2001-07-18,15.090001,15.199996,14.849999,15.18,21400,5.857853
2001-07-17,15.070005,15.18,15.010005,15.090001,8500,5.823123
2001-07-16,15.049995,15.280005,14.950005,15.199996,19500,5.865569
2001-07-13,15.130005,15.199996,14.950005,14.950005,59800,5.7691
2001-07-12,15.100006,15.250005,14.950005,15.139996,284200,5.842416
2001-07-11,15.100006,15.220006,14.94,15.070005,70500,5.815407
2001-07-10,14.620005,15.199996,14.620005,15.070005,154900,5.815407
2001-07-09,14.500005,14.749995,14.500005,14.650005,43300,5.653332
2001-07-06,14.449996,14.500005,14.320005,14.460001,7200,5.58001
2001-07-05,14.449996,14.500005,14.200005,14.380005,34800,5.549141
2001-07-03,13.999995,14.350006,13.999995,14.350006,5200,5.537564
2001-07-02,13.960005,14.419995,13.780005,13.780005,69400,5.317605
2001-06-29,13.699996,14.599995,13.32,14.400001,142900,5.556857
2001-06-28,13.849995,14.400001,13.600006,13.849995,20100,5.344614
2001-06-27,14.49,14.49,13.660006,13.80,14500,5.325321
2001-06-26,14.770005,14.770005,14.320005,14.500005,46900,5.595448
2001-06-25,14.350006,14.950005,14.25,14.770005,67000,5.699639
2001-06-22,14.050004,14.440005,14.050004,14.440005,37900,5.572294
2001-06-21,13.95,14.140005,13.80,14.140005,12400,5.456527
2001-06-20,13.44,14.170004,13.14,13.95,48000,5.383205
2001-06-19,13.450005,13.450005,13.14,13.420004,7000,5.178683
2001-06-18,13.240005,13.420004,13.05,13.060005,41500,5.039762
2001-06-15,13.270005,13.330005,13.000005,13.330005,54700,5.143953
2001-06-14,13.300004,13.360004,13.099995,13.300004,27300,5.132376
2001-06-13,13.240005,13.249995,13.05,13.240005,53700,5.109223
2001-06-12,13.399994,13.450005,12.850006,13.099995,91300,5.055194
2001-06-11,13.650001,13.710001,13.339994,13.399994,39700,5.170962
2001-06-08,13.249995,13.50,13.249995,13.50,21100,5.209553
2001-06-07,13.349999,13.519996,13.26,13.26,61200,5.116939
2001-06-06,13.08,13.50,13.08,13.480004,21000,5.201837
2001-06-05,13.50,13.549995,13.069995,13.549995,18400,5.228846
2001-06-04,13.039995,13.549995,13.039995,13.300004,16300,5.132376
2001-06-01,13.300004,13.50,12.850006,13.50,127000,5.209553
2001-05-31,12.599999,13.360004,12.490005,13.249995,191400,5.113078
2001-05-30,12.220006,12.619995,12.090001,12.499995,142300,4.823659
2001-05-29,12.39,12.550004,12.319995,12.45,54900,4.804366
2001-05-25,12.51,12.640005,12.340005,12.36,73800,4.769635
2001-05-24,12.69,12.700005,12.27,12.30,87000,4.746482
2001-05-23,12.760005,12.919995,12.499995,12.700005,91500,4.900841
2001-05-22,12.00,13.240005,12.00,12.730004,249400,4.912417
2001-05-21,14.449996,14.460001,12.550004,12.679995,606100,4.893119
2001-05-18,14.849999,14.899994,14.719995,14.899994,100300,5.749801
2001-05-17,14.82,14.899994,14.82,14.849999,14100,5.730508
2001-05-16,14.70,14.899994,14.70,14.899994,24400,5.749801
2001-05-15,14.82,14.82,14.479995,14.70,42700,5.672625
2001-05-14,14.749995,14.920004,14.55,14.710005,36000,5.676486
2001-05-11,14.500005,14.749995,14.500005,14.749995,76900,5.691917
2001-05-10,14.200005,14.55,14.149994,14.500005,114600,5.595448
2001-05-09,13.89,14.299995,13.89,14.200005,32200,5.47968
2001-05-08,13.750005,14.080005,13.750005,13.83,184500,5.336898
2001-05-07,14.020005,14.099999,13.650001,13.650001,518500,5.267437
2001-05-04,13.939995,14.149994,13.549995,13.900005,405100,5.363912
2001-05-03,13.450005,13.80,13.399994,13.80,14100,5.325321
2001-05-02,13.489995,13.489995,12.880005,13.249995,617800,5.113078
2001-05-01,13.000005,13.999995,12.900001,13.459994,147100,5.194115
2001-04-30,12.69,13.099995,12.69,13.05,36700,5.035901
2001-04-27,12.700005,12.700005,12.33,12.69,14100,4.89698
2001-04-26,12.75,12.850006,12.100006,12.700005,26200,4.900841
2001-04-25,11.950005,12.730004,11.899995,12.499995,81600,4.823659
2001-04-24,11.49,11.950005,11.49,11.85,49300,4.57283
2001-04-23,11.809995,11.809995,11.449995,11.599995,184800,4.476355
2001-04-20,12.349995,12.349995,11.500005,11.500005,64300,4.437769
2001-04-19,12.640005,12.640005,11.530005,12.199996,44700,4.707891
2001-04-18,13.489995,13.50,12.049995,12.100006,67500,4.669305
2001-04-17,13.750005,13.750005,13.099995,13.50,37500,5.209553
2001-04-16,13.750005,13.750005,13.750005,13.750005,100,5.306028
2001-04-12,13.849995,13.999995,13.849995,13.95,9600,5.383205
2001-04-11,14.07,14.119995,13.849995,13.930005,63600,5.375489
2001-04-10,13.849995,13.999995,13.780005,13.999995,157900,5.402498
2001-04-09,13.50,13.999995,13.349999,13.750005,48900,5.306028
2001-04-06,13.437495,13.624995,13.375005,13.50,29200,5.209553
2001-04-05,12.75,13.50,12.75,13.50,28600,5.209553
2001-04-04,12.625005,13.000005,12.375,12.499995,1900,4.823659
2001-04-03,12.75,12.75,12.00,12.1875,42300,4.703069
2001-04-02,12.625005,13.750005,12.499995,12.75,26100,4.920134
2001-03-30,12.375,13.000005,12.124995,13.000005,55200,5.016609
2001-03-29,12.375,12.375,11.875005,12.00,62500,4.630714
2001-03-28,12.124995,12.312495,12.124995,12.124995,43500,4.678949
2001-03-27,12.00,12.124995,12.00,12.124995,36400,4.678949
2001-03-26,12.1875,12.1875,12.062505,12.1875,10200,4.703069
2001-03-23,11.749995,12.250005,11.749995,12.00,31000,4.630714
2001-03-22,12.124995,12.1875,10.50,11.25,38100,4.341294
2001-03-21,12.874995,12.874995,12.250005,12.312495,24900,4.751304
2001-03-20,13.562505,13.562505,12.75,12.75,15900,4.920134
2001-03-19,13.812495,13.999995,13.50,13.562505,3400,5.233673
2001-03-16,13.999995,14.125005,13.875,13.89063,12700,5.360294
2001-03-15,13.999995,14.312505,13.937505,13.937505,61500,5.378383
2001-03-14,13.125,14.125005,13.125,13.999995,20500,5.402498
2001-03-13,12.874995,13.50,12.874995,13.50,4000,5.209553
2001-03-12,13.14063,13.14063,12.874995,12.874995,3000,4.968368
2001-03-09,14.0625,14.07813,13.249995,13.249995,10900,5.113078
2001-03-08,13.562505,14.25,13.562505,14.125005,42100,5.450738
2001-03-07,13.000005,13.999995,13.000005,13.999995,33100,5.402498
2001-03-06,13.875,13.875,12.75,13.125,80400,5.064843
2001-03-05,14.562495,14.625,13.812495,13.812495,113800,5.330143
2001-03-02,14.875005,15.1875,14.25,14.374995,184900,5.547208
2001-03-01,14.4375,15.124995,14.25,15.00,198700,5.788392
2001-02-28,13.249995,14.625,13.249995,14.562495,199500,5.619562
2001-02-27,12.75,13.50,12.75,13.249995,61300,5.113078
2001-02-26,13.125,13.125,12.874995,13.000005,22900,5.016609
2001-02-23,13.937505,13.937505,13.000005,13.3125,29100,5.137198
2001-02-22,13.750005,14.0625,13.750005,13.999995,159700,5.402498
2001-02-21,13.375005,13.812495,13.265625,13.750005,37800,5.306028
2001-02-20,13.50,13.624995,12.75,13.375005,138400,5.161318
2001-02-16,13.624995,13.750005,13.51563,13.6875,100500,5.281908
2001-02-15,14.015625,14.312505,13.750005,13.937505,32400,5.378383
2001-02-14,14.875005,15.00,13.999995,13.999995,55900,5.402498
2001-02-13,14.625,14.749995,14.25,14.25,2800,5.498973
2001-02-12,14.843745,14.843745,14.0625,14.25,37800,5.498973
2001-02-09,15.00,15.124995,14.749995,15.00,146800,5.788392
2001-02-08,14.749995,15.124995,14.25,15.00,12400,5.788392
2001-02-07,14.500005,15.250005,14.125005,14.8125,65500,5.716038
2001-02-06,14.25,15.375,14.25,14.8125,33700,5.716038
2001-02-05,14.749995,14.749995,14.187495,14.25,166800,5.498973
2001-02-02,14.64063,15.1875,14.374995,14.500005,370900,5.595448
2001-02-01,13.656255,15.124995,13.624995,14.937495,2357800,5.764272
2001-01-31,14.312505,14.374995,13.562505,13.750005,974800,5.306028
2001-01-30,14.859375,14.875005,14.25,14.374995,31800,5.547208
2001-01-29,14.500005,14.749995,14.374995,14.625,63900,5.643683
2001-01-26,14.374995,14.562495,14.374995,14.374995,298300,5.547208
2001-01-25,14.125005,14.562495,14.0625,14.374995,61600,5.547208
2001-01-24,14.71875,14.749995,13.937505,14.312505,21000,5.523093
2001-01-23,14.25,14.937495,14.25,14.937495,63900,5.764272
2001-01-22,12.687495,14.374995,12.687495,14.374995,475000,5.547208
2001-01-19,12.874995,12.874995,12.437505,12.812505,231400,4.944254
2001-01-18,13.249995,13.249995,12.625005,12.874995,74800,4.968368
2001-01-17,12.124995,13.125,11.749995,13.000005,311200,5.016609
2001-01-16,12.437505,13.249995,11.562495,11.687505,121500,4.510124
2001-01-12,12.890625,12.890625,12.250005,12.312495,117900,4.751304
2001-01-11,13.546875,13.624995,12.874995,13.125,173100,5.064843
2001-01-10,13.000005,13.750005,13.000005,13.562505,50500,5.233673
2001-01-09,11.875005,13.062495,11.374995,12.75,18900,4.920134
2001-01-08,12.124995,12.499995,10.750005,11.875005,224800,4.582479
2001-01-05,13.750005,13.750005,12.00,12.1875,123000,4.703069
2001-01-04,16.125,16.50,13.562505,13.750005,51600,5.306028
2001-01-03,16.6875,16.875,16.000005,16.000005,29700,6.174287
2001-01-02,17.749995,17.875005,16.624995,16.624995,331800,6.415466
2000-12-29,16.750005,17.562495,16.750005,17.51562,65400,6.759152
2000-12-28,15.75,16.750005,15.75,16.50,7600,6.367232
2000-12-27,17.25,17.562495,15.812505,15.874995,40000,6.126047
2000-12-26,15.499995,17.500005,15.499995,17.25,48000,6.656651
2000-12-22,16.875,16.875,16.50,16.750005,25300,6.463707
2000-12-21,16.750005,17.0625,16.750005,16.812495,21700,6.487821
2000-12-20,17.17188,17.500005,16.624995,16.750005,67200,6.463707
2000-12-19,17.281245,17.500005,16.750005,17.125005,29100,6.608417
2000-12-18,16.999995,17.374995,16.875,17.0625,51900,6.584296
2000-12-15,16.875,17.125005,16.875,16.937505,9100,6.536062
2000-12-14,16.812495,16.999995,16.750005,16.999995,2100,6.560176
2000-12-13,17.0625,17.187495,16.750005,17.187495,47400,6.632531
2000-12-12,16.750005,16.875,16.624995,16.875,49600,6.511941
2000-12-11,16.50,17.125005,16.50,16.812495,78900,6.487821
2000-12-08,16.249995,16.375005,16.249995,16.375005,5700,6.318997
2000-12-07,16.000005,16.375005,15.82812,16.375005,161100,6.318997
2000-12-06,15.64062,16.125,15.625005,16.125,41700,6.222522
2000-12-05,16.000005,16.375005,15.250005,15.75,131800,6.077812
2000-12-04,15.343755,16.187505,15.343755,16.000005,13600,6.174287
2000-12-01,12.874995,15.312495,12.874995,15.00,90600,5.788392
2000-11-30,13.50,13.999995,12.499995,13.249995,99100,5.113078
2000-11-29,14.749995,14.749995,13.249995,13.50,52900,5.209553
2000-11-28,15.124995,15.124995,14.749995,14.749995,206400,5.691917
2000-11-27,14.60937,15.124995,14.51562,14.937495,191500,5.764272
2000-11-24,14.500005,14.500005,14.500005,14.500005,1800,5.595448
2000-11-22,14.25,14.749995,14.0625,14.500005,67800,5.595448
2000-11-21,14.374995,14.749995,14.25,14.374995,9400,5.547208
2000-11-20,14.500005,14.749995,14.312505,14.374995,35500,5.547208
2000-11-17,15.00,15.00,14.374995,14.500005,14500,5.595448
2000-11-16,15.00,15.375,15.00,15.00,70800,5.788392
2000-11-15,15.00,15.062505,15.00,15.00,11100,5.788392
2000-11-14,15.250005,15.250005,15.00,15.124995,15900,5.836627
2000-11-13,15.00,15.250005,14.125005,15.250005,10600,5.884867
2000-11-10,15.64062,15.75,15.00,15.00,49900,5.788392
2000-11-09,15.718755,16.125,15.499995,15.625005,49000,6.029577
2000-11-08,15.76563,15.874995,15.499995,15.625005,33400,6.029577
2000-11-07,17.25,17.25,15.250005,15.9375,50700,6.150167
2000-11-06,16.999995,17.25,16.50,16.999995,97900,6.560176
2000-11-03,17.749995,17.749995,16.750005,17.125005,12400,6.608417
2000-11-02,17.4375,18.00,17.374995,17.374995,41100,6.704886
2000-11-01,17.98437,18.00,17.125005,17.25,124300,6.656651
2000-10-31,18.234375,18.250005,17.749995,18.00,26500,6.946071
2000-10-30,18.124995,18.124995,17.374995,17.875005,14800,6.897836
2000-10-27,18.00,18.250005,17.500005,17.875005,24300,6.897836
2000-10-26,18.499995,18.499995,17.749995,18.124995,10500,6.994306
2000-10-25,18.499995,18.499995,17.749995,18.250005,9900,7.042546
2000-10-24,19.50,19.50,18.250005,18.250005,23500,7.042546
2000-10-23,19.000005,19.50,18.75,19.375005,67200,7.476675
2000-10-20,18.00,18.75,17.500005,18.75,63300,7.235491
2000-10-19,18.35937,18.375,17.4375,17.4375,30600,6.729006
2000-10-18,18.234375,18.375,17.500005,17.749995,15600,6.849596
2000-10-17,18.250005,18.499995,17.625,17.875005,26500,6.897836
2000-10-16,17.484375,18.250005,17.484375,18.250005,117600,7.042546
2000-10-13,17.109375,17.500005,16.624995,17.500005,144400,6.753126
2000-10-12,16.999995,17.25,16.875,16.999995,105700,6.560176
2000-10-11,16.50,17.125005,16.249995,16.999995,48300,6.560176
2000-10-10,17.25,17.25,16.000005,16.937505,12300,6.536062
2000-10-09,17.51562,17.73438,16.125,17.25,106600,6.656651
2000-10-06,18.75,19.125,17.500005,17.749995,33300,6.849596
2000-10-05,18.375,18.75,17.749995,18.625005,179500,7.187256
2000-10-04,19.85937,19.875,18.375,18.375,73800,7.090781
2000-10-03,18.625005,19.999995,18.499995,19.000005,55200,7.331966
2000-10-02,18.250005,18.75,18.00,18.625005,80500,7.187256
2000-09-29,16.000005,18.499995,15.75,17.125005,146100,6.608417
2000-09-28,15.124995,16.125,15.00,16.125,49300,6.222522
2000-09-27,16.812495,17.25,15.250005,15.250005,111900,5.884867
2000-09-26,15.499995,16.50,15.499995,16.50,30900,6.367232
2000-09-25,14.875005,15.75,14.875005,15.625005,36100,6.029577
2000-09-22,14.749995,14.875005,14.25,14.625,20100,5.643683
2000-09-21,14.625,14.875005,14.500005,14.875005,18000,5.740158
2000-09-20,14.500005,15.375,14.374995,14.500005,138600,5.595448
2000-09-19,14.625,14.625,14.500005,14.500005,2400,5.595448
2000-09-18,13.999995,14.562495,13.999995,14.500005,98500,5.595448
2000-09-15,13.50,14.25,13.50,14.25,117300,5.498973
2000-09-14,13.999995,14.125005,13.750005,13.750005,17800,5.306028
2000-09-13,13.875,14.625,13.50,14.125005,34800,5.450738
2000-09-12,13.125,13.750005,13.125,13.375005,17700,5.161318
2000-09-11,13.125,13.187505,13.125,13.14063,4200,5.070875
2000-09-08,13.50,13.562505,13.375005,13.50,10800,5.209553
2000-09-07,13.6875,13.6875,13.000005,13.50,48400,5.209553
2000-09-06,14.25,14.312505,13.624995,13.750005,74800,5.306028
2000-09-05,14.4375,14.4375,14.25,14.25,18300,5.498973
2000-09-01,14.312505,14.500005,14.312505,14.500005,27100,5.595448
2000-08-31,14.312505,14.875005,14.25,14.374995,155200,5.547208
2000-08-30,14.0625,14.500005,13.999995,14.374995,189600,5.547208
2000-08-29,13.812495,14.0625,13.6875,13.937505,261700,5.378383
2000-08-28,13.812495,13.812495,13.562505,13.562505,6700,5.233673
2000-08-25,13.999995,14.0625,13.750005,13.812495,11800,5.330143
2000-08-24,14.0625,14.25,13.875,13.875,121800,5.354263
2000-08-23,13.843755,13.999995,13.750005,13.999995,112600,5.402498
2000-08-22,13.21875,13.875,13.125,13.875,53100,5.354263
2000-08-21,13.156245,13.3125,13.000005,13.3125,25200,5.137198
2000-08-18,13.062495,13.3125,12.874995,13.01562,53200,5.022635
2000-08-17,13.000005,13.3125,12.874995,13.125,260500,5.064843
2000-08-16,13.062495,13.562505,12.874995,13.3125,39000,5.137198
2000-08-15,12.375,13.062495,12.124995,13.000005,67000,5.016609
2000-08-14,12.031245,12.625005,12.00,12.250005,34900,4.727189
2000-08-11,12.00,12.124995,11.937495,12.00,43300,4.630714
2000-08-10,12.09375,12.124995,11.875005,12.124995,50100,4.678949
2000-08-09,12.031245,12.1875,11.875005,12.124995,64500,4.678949
2000-08-08,12.09375,12.1875,12.00,12.00,291900,4.630714
2000-08-07,12.031245,12.687495,12.00,12.250005,402000,4.727189
2000-08-04,10.624995,12.499995,10.624995,12.1875,5502100,4.703069
