Date,Open,High,Low,Close,Volume,Adj Close
2016-01-20,0.60,0.60,0.54,0.59,107500,0.59
2016-01-19,0.66,0.66,0.58,0.60,67200,0.60
2016-01-15,0.69,0.69,0.66,0.66,27500,0.66
2016-01-14,0.70,0.70,0.67,0.70,74200,0.70
2016-01-13,0.71,0.71,0.65,0.70,75000,0.70
2016-01-12,0.72,0.72,0.66,0.69,6800,0.69
2016-01-11,0.72,0.72,0.68,0.69,36200,0.69
2016-01-08,0.70,0.70,0.65,0.69,134100,0.69
2016-01-07,0.71,0.72,0.70,0.70,66000,0.70
2016-01-06,0.79,0.79,0.71,0.71,107500,0.71
2016-01-05,0.80,0.81,0.73,0.76,10800,0.76
2016-01-04,0.76,0.77,0.73,0.75,21700,0.75
2015-12-31,0.74,0.76,0.73,0.74,252100,0.74
2015-12-30,0.75,0.78,0.74,0.76,123500,0.76
2015-12-29,0.78,0.80,0.76,0.77,71600,0.77
2015-12-28,0.80,0.84,0.76,0.78,91400,0.78
2015-12-24,0.83,0.84,0.80,0.82,46900,0.82
2015-12-23,0.80,0.85,0.78,0.84,75900,0.84
2015-12-22,0.80,0.85,0.79,0.82,141100,0.82
2015-12-21,0.84,0.84,0.79,0.80,82300,0.80
2015-12-18,0.86,0.86,0.81,0.82,45600,0.82
2015-12-17,0.87,0.88,0.82,0.85,64200,0.85
2015-12-16,0.85,0.92,0.85,0.88,41600,0.88
2015-12-15,0.90,0.93,0.87,0.87,50500,0.87
2015-12-14,0.97,1.00,0.85,0.88,184900,0.88
2015-12-11,1.01,1.04,0.95,0.95,135200,0.95
2015-12-10,0.95,1.00,0.95,0.97,19400,0.97
2015-12-09,0.97,0.99,0.93,0.98,125100,0.98
2015-12-08,0.98,1.01,0.95,1.00,54200,1.00
2015-12-07,0.99,0.99,0.97,0.98,28200,0.98
2015-12-04,1.02,1.07,0.99,1.01,210800,1.01
2015-12-03,1.05,1.11,1.00,1.04,50500,1.04
2015-12-02,1.06,1.10,1.01,1.05,70800,1.05
2015-12-01,1.05,1.15,1.04,1.08,56000,1.08
2015-11-30,1.08,1.19,1.02,1.05,357700,1.05
2015-11-27,1.00,1.07,0.98,1.05,56200,1.05
2015-11-25,1.03,1.08,1.00,1.03,136900,1.03
2015-11-24,1.12,1.40,1.00,1.05,295200,1.05
2015-11-23,0.95,1.12,0.92,1.09,336800,1.09
2015-11-20,0.92,0.95,0.92,0.95,31400,0.95
2015-11-19,0.95,0.96,0.92,0.93,100400,0.93
2015-11-18,0.94,0.99,0.94,0.95,32900,0.95
2015-11-17,1.00,1.02,0.92,0.95,81300,0.95
2015-11-16,0.95,1.00,0.95,0.95,9700,0.95
2015-11-13,0.95,0.99,0.94,0.98,65200,0.98
2015-11-12,0.98,0.98,0.94,0.95,53700,0.95
2015-11-11,0.92,1.00,0.92,0.97,58200,0.97
2015-11-10,1.01,1.01,0.93,0.95,42400,0.95
2015-11-09,0.96,1.03,0.92,1.00,69400,1.00
2015-11-06,0.96,0.96,0.94,0.95,51800,0.95
2015-11-05,0.96,1.03,0.95,0.96,48900,0.96
2015-11-04,1.05,1.06,0.95,0.96,73900,0.96
2015-11-03,1.02,1.12,1.01,1.06,214300,1.06
2015-11-02,0.96,1.01,0.96,0.99,42000,0.99
2015-10-30,0.96,1.00,0.92,0.95,35000,0.95
2015-10-29,0.99,0.99,0.93,0.95,137800,0.95
2015-10-28,0.98,1.01,0.96,0.97,38100,0.97
2015-10-27,1.02,1.06,0.95,0.95,54700,0.95
2015-10-26,1.00,1.02,0.94,1.01,32100,1.01
2015-10-23,1.03,1.03,0.96,1.00,39600,1.00
2015-10-22,1.01,1.04,0.92,0.96,83000,0.96
2015-10-21,1.06,1.08,0.98,1.01,66900,1.01
2015-10-20,1.12,1.12,1.03,1.07,57200,1.07
2015-10-19,1.12,1.19,1.05,1.06,183700,1.06
2015-10-16,1.05,1.10,1.00,1.10,112900,1.10
2015-10-15,1.03,1.10,1.02,1.08,104300,1.08
2015-10-14,1.03,1.05,0.97,1.02,76400,1.02
2015-10-13,1.04,1.06,1.00,1.01,35000,1.01
2015-10-12,1.02,1.05,1.01,1.02,32300,1.02
2015-10-09,1.08,1.09,1.03,1.04,55400,1.04
2015-10-08,0.96,1.09,0.95,1.08,155100,1.08
2015-10-07,0.91,0.99,0.91,0.95,89700,0.95
2015-10-06,0.93,0.94,0.88,0.91,66000,0.91
2015-10-05,0.86,0.95,0.84,0.91,75300,0.91
2015-10-02,0.93,0.97,0.88,0.90,110800,0.90
2015-10-01,0.90,1.00,0.90,0.93,98600,0.93
2015-09-30,1.00,1.05,0.90,0.93,179600,0.93
2015-09-29,1.02,1.07,1.00,1.02,97900,1.02
2015-09-28,1.00,1.03,1.00,1.02,183400,1.02
2015-09-25,1.02,1.07,0.98,0.99,156800,0.99
2015-09-24,1.03,1.07,0.97,1.07,102000,1.07
2015-09-23,1.11,1.13,0.97,1.02,383500,1.02
2015-09-22,0.98,1.02,0.95,0.95,106600,0.95
2015-09-21,1.06,1.09,0.98,1.00,195400,1.00
2015-09-18,1.02,1.06,0.98,1.06,137000,1.06
2015-09-17,1.20,1.20,1.00,1.01,188800,1.01
2015-09-16,0.94,1.24,0.93,1.11,707200,1.11
2015-09-15,1.02,1.03,0.93,0.93,310100,0.93
2015-09-14,1.04,1.08,0.98,1.03,149900,1.03
2015-09-11,1.03,1.05,1.01,1.03,144000,1.03
2015-09-10,1.07,1.08,1.01,1.07,155600,1.07
2015-09-09,1.10,1.18,1.04,1.06,458900,1.06
2015-09-08,1.16,1.17,1.10,1.10,185000,1.10
2015-09-04,1.29,1.29,1.17,1.17,551900,1.17
2015-09-03,1.47,1.52,1.37,1.37,402800,1.37
2015-09-02,1.60,1.60,1.37,1.47,623400,1.47
2015-09-01,1.90,2.05,1.55,1.58,3137700,1.58
2015-08-31,1.65,1.66,1.40,1.50,1452700,1.50
2015-08-28,1.65,2.53,1.53,1.80,9370400,1.80
2015-08-27,0.74,1.76,0.74,1.57,1885500,1.57
2015-08-26,0.74,0.76,0.70,0.70,94600,0.70
2015-08-25,0.72,0.75,0.70,0.70,113700,0.70
2015-08-24,0.74,0.74,0.65,0.72,155500,0.72
2015-08-21,0.74,0.79,0.71,0.76,52400,0.76
2015-08-20,0.76,0.82,0.67,0.74,133900,0.74
2015-08-19,0.87,0.87,0.75,0.79,126200,0.79
2015-08-18,0.89,0.92,0.84,0.85,104200,0.85
2015-08-17,0.92,0.93,0.90,0.90,31700,0.90
2015-08-14,0.93,0.95,0.92,0.92,31000,0.92
2015-08-13,0.94,0.95,0.92,0.92,73400,0.92
2015-08-12,0.93,0.96,0.90,0.92,51600,0.92
2015-08-11,0.95,0.97,0.91,0.93,96600,0.93
2015-08-10,0.95,0.97,0.93,0.93,75100,0.93
2015-08-07,1.01,1.03,0.84,0.85,167500,0.85
2015-08-06,1.08,1.13,0.91,0.95,183100,0.95
2015-08-05,1.25,1.25,1.05,1.06,189500,1.06
2015-08-04,1.44,1.44,1.22,1.24,132500,1.24
2015-08-03,1.44,1.50,1.33,1.35,109400,1.35
2015-07-31,1.44,1.51,1.42,1.44,67300,1.44
2015-07-30,1.46,1.47,1.43,1.47,27000,1.47
2015-07-29,1.41,1.59,1.41,1.44,42900,1.44
2015-07-28,1.46,1.50,1.41,1.44,32000,1.44
2015-07-27,1.44,1.55,1.41,1.42,34800,1.42
2015-07-24,1.47,1.47,1.42,1.45,29100,1.45
2015-07-23,1.44,1.50,1.43,1.44,30700,1.44
2015-07-22,1.42,1.45,1.42,1.42,76900,1.42
2015-07-21,1.53,1.53,1.43,1.45,46500,1.45
2015-07-20,1.74,1.74,1.43,1.50,198000,1.50
2015-07-17,1.40,1.45,1.40,1.41,100300,1.41
2015-07-16,1.41,1.48,1.40,1.42,126000,1.42
2015-07-15,1.46,1.49,1.41,1.45,65800,1.45
2015-07-14,1.45,1.52,1.45,1.50,43100,1.50
2015-07-13,1.49,1.51,1.46,1.47,57400,1.47
2015-07-10,1.40,1.51,1.40,1.51,34100,1.51
2015-07-09,1.52,1.52,1.46,1.47,29600,1.47
2015-07-08,1.48,1.72,1.46,1.52,223600,1.52
2015-07-07,1.46,1.47,1.40,1.46,89000,1.46
2015-07-06,1.47,1.49,1.42,1.45,19700,1.45
2015-07-02,1.46,1.54,1.41,1.49,34400,1.49
2015-07-01,1.46,1.47,1.41,1.41,61300,1.41
2015-06-30,1.47,1.52,1.44,1.44,38400,1.44
2015-06-29,1.53,1.53,1.46,1.46,76700,1.46
2015-06-26,1.62,1.62,1.53,1.53,68700,1.53
2015-06-25,1.59,1.64,1.58,1.60,35700,1.60
2015-06-24,1.65,1.69,1.59,1.59,39700,1.59
2015-06-23,1.75,1.75,1.63,1.66,187600,1.66
2015-06-22,1.63,1.85,1.54,1.78,504700,1.78
2015-06-19,1.59,1.66,1.58,1.62,40600,1.62
2015-06-18,1.61,1.65,1.55,1.59,77600,1.59
2015-06-17,1.58,1.69,1.57,1.60,70100,1.60
2015-06-16,1.59,1.60,1.55,1.55,20700,1.55
2015-06-15,1.57,1.61,1.54,1.54,40200,1.54
2015-06-12,1.60,1.60,1.55,1.59,16900,1.59
2015-06-11,1.54,1.63,1.54,1.60,43200,1.60
2015-06-10,1.59,1.60,1.54,1.55,119600,1.55
2015-06-09,1.60,1.63,1.56,1.56,41100,1.56
2015-06-08,1.60,1.63,1.56,1.60,83900,1.60
2015-06-05,1.72,1.76,1.58,1.60,195600,1.60
2015-06-04,1.75,1.80,1.74,1.75,43600,1.75
2015-06-03,1.78,1.85,1.73,1.75,73700,1.75
2015-06-02,1.82,1.85,1.76,1.78,31000,1.78
2015-06-01,1.79,1.85,1.78,1.79,17500,1.79
2015-05-29,1.82,1.84,1.74,1.76,68400,1.76
2015-05-28,1.76,1.84,1.76,1.82,21600,1.82
2015-05-27,1.86,1.90,1.75,1.77,112900,1.77
2015-05-26,1.82,1.92,1.78,1.89,70300,1.89
2015-05-22,1.88,2.01,1.83,1.86,62700,1.86
2015-05-21,1.94,1.95,1.85,1.88,32900,1.88
2015-05-20,1.82,1.95,1.81,1.88,102000,1.88
2015-05-19,1.84,1.86,1.80,1.80,41200,1.80
2015-05-18,1.90,1.90,1.82,1.84,63000,1.84
2015-05-15,1.93,1.93,1.87,1.91,50000,1.91
2015-05-14,1.90,1.99,1.89,1.94,48000,1.94
2015-05-13,1.92,1.92,1.85,1.89,24700,1.89
2015-05-12,1.84,1.90,1.83,1.89,25700,1.89
2015-05-11,1.80,1.95,1.80,1.86,59000,1.86
2015-05-08,1.89,1.91,1.71,1.77,132100,1.77
2015-05-07,2.10,2.10,1.84,1.88,155300,1.88
2015-05-06,2.01,2.16,2.00,2.05,128500,2.05
2015-05-05,2.00,2.09,1.98,2.00,58300,2.00
2015-05-04,1.91,2.00,1.91,1.97,12200,1.97
2015-05-01,1.88,2.02,1.88,1.91,49300,1.91
2015-04-30,1.95,1.97,1.89,1.90,84300,1.90
2015-04-29,2.02,2.02,1.93,1.98,18600,1.98
2015-04-28,2.02,2.06,1.87,2.05,85200,2.05
2015-04-27,2.13,2.14,1.98,1.99,139900,1.99
2015-04-24,2.23,2.30,2.11,2.15,127000,2.15
2015-04-23,2.13,2.36,2.13,2.24,180200,2.24
2015-04-22,2.09,2.17,2.04,2.10,72700,2.10
2015-04-21,2.06,2.14,2.03,2.07,65300,2.07
2015-04-20,1.82,2.10,1.76,2.07,199400,2.07
2015-04-17,1.85,1.90,1.78,1.82,141300,1.82
2015-04-16,1.85,1.93,1.83,1.88,62900,1.88
2015-04-15,1.95,1.95,1.86,1.87,104900,1.87
2015-04-14,1.92,1.97,1.91,1.93,101600,1.93
2015-04-13,1.93,1.94,1.86,1.90,75700,1.90
2015-04-10,1.94,1.96,1.90,1.91,53600,1.91
2015-04-09,1.90,1.98,1.90,1.91,33300,1.91
2015-04-08,2.00,2.09,1.84,1.90,117100,1.90
2015-04-07,1.98,2.01,1.91,2.01,59000,2.01
2015-04-06,1.95,1.99,1.95,1.98,26600,1.98
2015-04-02,2.01,2.06,1.92,1.93,49300,1.93
2015-04-01,2.02,2.08,2.02,2.04,36600,2.04
2015-03-31,2.08,2.08,2.02,2.05,49800,2.05
2015-03-30,2.12,2.13,1.99,2.04,211700,2.04
2015-03-27,2.06,2.13,2.06,2.08,39100,2.08
2015-03-26,2.10,2.14,2.06,2.07,22200,2.07
2015-03-25,2.13,2.16,2.05,2.10,33800,2.10
2015-03-24,2.09,2.16,2.02,2.11,111300,2.11
2015-03-23,2.14,2.15,2.06,2.08,23800,2.08
2015-03-20,2.10,2.16,2.04,2.12,57200,2.12
2015-03-19,2.17,2.19,2.08,2.13,44300,2.13
2015-03-18,1.93,2.19,1.91,2.15,194700,2.15
2015-03-17,2.01,2.03,1.86,1.97,165400,1.97
2015-03-16,1.98,2.03,1.90,2.01,95400,2.01
2015-03-13,2.10,2.14,1.93,1.95,157300,1.95
2015-03-12,2.22,2.26,2.07,2.11,166800,2.11
2015-03-11,2.27,2.35,2.20,2.25,76100,2.25
2015-03-10,2.39,2.39,2.22,2.26,131800,2.26
2015-03-09,2.28,2.43,2.25,2.40,134400,2.40
2015-03-06,2.37,2.38,2.21,2.30,164800,2.30
2015-03-05,2.32,2.46,2.30,2.38,131000,2.38
2015-03-04,2.33,2.36,2.28,2.32,106400,2.32
2015-03-03,2.36,2.44,2.30,2.30,120400,2.30
2015-03-02,2.39,2.53,2.38,2.39,137800,2.39
2015-02-27,2.30,2.58,2.30,2.37,213400,2.37
2015-02-26,2.95,2.95,2.43,2.43,621900,2.43
2015-02-25,2.55,2.65,2.50,2.63,262000,2.63
2015-02-24,2.82,2.82,2.50,2.56,470900,2.56
2015-02-23,2.80,2.97,2.66,2.77,942900,2.77
2015-02-20,2.23,2.73,2.19,2.65,1029600,2.65
2015-02-19,2.17,2.27,2.12,2.20,89400,2.20
2015-02-18,2.19,2.27,2.16,2.18,72700,2.18
2015-02-17,2.26,2.27,2.12,2.21,154800,2.21
2015-02-13,2.16,2.33,2.15,2.27,321300,2.27
2015-02-12,2.00,2.18,1.99,2.14,95400,2.14
2015-02-11,2.12,2.13,2.01,2.02,101800,2.02
2015-02-10,2.15,2.26,2.08,2.12,209900,2.12
2015-02-09,2.16,2.42,2.06,2.14,742700,2.14
2015-02-06,1.69,2.20,1.69,2.15,799800,2.15
2015-02-05,1.73,1.76,1.68,1.74,94000,1.74
2015-02-04,1.69,1.71,1.65,1.70,57600,1.70
2015-02-03,1.64,1.72,1.59,1.69,79300,1.69
2015-02-02,1.68,1.69,1.57,1.66,108800,1.66
2015-01-30,1.62,1.71,1.56,1.66,188300,1.66
2015-01-29,1.65,1.71,1.58,1.62,129200,1.62
2015-01-28,1.55,1.71,1.53,1.64,228900,1.64
2015-01-27,1.47,1.57,1.47,1.53,224700,1.53
2015-01-26,1.51,1.51,1.45,1.49,128900,1.49
2015-01-23,1.52,1.54,1.43,1.50,119600,1.50
2015-01-22,1.53,1.55,1.52,1.53,54300,1.53
2015-01-21,1.58,1.59,1.51,1.52,77100,1.52
2015-01-20,1.60,1.65,1.54,1.59,111400,1.59
2015-01-16,1.68,1.69,1.60,1.62,98700,1.62
2015-01-15,1.70,1.76,1.68,1.68,99800,1.68
2015-01-14,1.67,1.79,1.66,1.67,234900,1.67
2015-01-13,1.72,1.79,1.64,1.66,221000,1.66
2015-01-12,1.76,1.80,1.61,1.63,160000,1.63
2015-01-09,1.58,1.83,1.51,1.74,496000,1.74
2015-01-08,1.65,1.69,1.54,1.57,178000,1.57
2015-01-07,1.72,1.75,1.49,1.60,412800,1.60
2015-01-06,1.86,1.91,1.69,1.70,556100,1.70
2015-01-05,2.02,2.29,1.82,1.88,3091600,1.88
2015-01-02,1.54,1.54,1.47,1.54,38100,1.54
2014-12-31,1.63,1.63,1.45,1.48,221900,1.48
2014-12-30,1.50,1.64,1.46,1.59,156800,1.59
2014-12-29,1.42,1.54,1.42,1.54,210300,1.54
2014-12-26,1.35,1.47,1.35,1.44,204400,1.44
2014-12-24,1.41,1.41,1.34,1.36,130900,1.36
2014-12-23,1.37,1.45,1.33,1.39,202900,1.39
2014-12-22,1.39,1.48,1.36,1.40,241100,1.40
2014-12-19,1.38,1.41,1.37,1.37,92000,1.37
2014-12-18,1.37,1.42,1.36,1.37,182800,1.37
2014-12-17,1.35,1.41,1.35,1.36,141200,1.36
2014-12-16,1.41,1.41,1.32,1.33,109700,1.33
2014-12-15,1.45,1.45,1.40,1.41,49000,1.41
2014-12-12,1.42,1.45,1.41,1.42,44700,1.42
2014-12-11,1.44,1.51,1.41,1.42,79200,1.42
2014-12-10,1.50,1.53,1.42,1.42,29100,1.42
2014-12-09,1.46,1.56,1.44,1.50,45300,1.50
2014-12-08,1.44,1.50,1.42,1.46,160600,1.46
2014-12-05,1.52,1.52,1.40,1.44,153100,1.44
2014-12-04,1.55,1.58,1.50,1.55,25900,1.55
2014-12-03,1.60,1.63,1.53,1.58,80400,1.58
2014-12-02,1.64,1.65,1.58,1.60,37800,1.60
2014-12-01,1.59,1.68,1.55,1.66,39200,1.66
2014-11-28,1.65,1.66,1.56,1.60,94900,1.60
2014-11-26,1.68,1.73,1.66,1.67,43700,1.67
2014-11-25,1.85,1.85,1.66,1.68,56700,1.68
2014-11-24,1.83,1.85,1.80,1.80,64400,1.80
2014-11-21,1.81,1.85,1.77,1.80,36900,1.80
2014-11-20,1.64,1.76,1.64,1.76,80400,1.76
2014-11-19,1.63,1.66,1.62,1.66,54700,1.66
2014-11-18,1.62,1.70,1.62,1.65,76300,1.65
2014-11-17,1.84,1.84,1.64,1.64,149300,1.64
2014-11-14,1.86,1.88,1.81,1.82,20200,1.82
2014-11-13,1.92,1.93,1.84,1.84,69300,1.84
2014-11-12,1.91,1.91,1.85,1.89,50200,1.89
2014-11-11,1.90,1.90,1.85,1.89,25600,1.89
2014-11-10,1.89,1.97,1.85,1.87,66600,1.87
2014-11-07,1.86,1.90,1.83,1.85,84700,1.85
2014-11-06,1.92,1.97,1.82,1.83,76900,1.83
2014-11-05,1.86,1.97,1.86,1.96,66400,1.96
2014-11-04,1.93,1.93,1.85,1.87,66200,1.87
2014-11-03,1.95,1.98,1.91,1.93,21400,1.93
2014-10-31,1.95,1.98,1.95,1.98,63200,1.98
2014-10-30,1.88,1.95,1.86,1.89,43600,1.89
2014-10-29,1.93,1.95,1.86,1.87,41500,1.87
2014-10-28,1.91,1.93,1.86,1.92,39300,1.92
2014-10-27,1.98,1.98,1.89,1.93,21200,1.93
2014-10-24,1.98,2.00,1.94,1.98,19800,1.98
2014-10-23,2.01,2.01,1.94,2.00,39500,2.00
2014-10-22,2.05,2.09,1.96,2.00,44000,2.00
2014-10-21,1.94,2.04,1.92,2.03,48900,2.03
2014-10-20,1.92,1.93,1.86,1.93,83800,1.93
2014-10-17,1.86,1.95,1.86,1.88,40000,1.88
2014-10-16,1.87,1.94,1.87,1.92,36300,1.92
2014-10-15,1.88,1.98,1.86,1.91,78800,1.91
2014-10-14,1.84,1.89,1.84,1.87,45000,1.87
2014-10-13,1.83,1.91,1.83,1.88,27100,1.88
2014-10-10,1.90,1.97,1.82,1.84,145200,1.84
2014-10-09,1.98,2.09,1.88,1.90,201300,1.90
2014-10-08,2.14,2.21,1.97,1.99,219000,1.99
2014-10-07,2.13,2.24,2.13,2.14,57900,2.14
2014-10-06,2.24,2.34,2.15,2.15,49500,2.15
2014-10-03,2.25,2.30,2.21,2.26,27400,2.26
2014-10-02,2.20,2.28,2.15,2.21,142500,2.21
2014-10-01,2.30,2.35,2.18,2.20,141300,2.20
2014-09-30,2.45,2.45,2.30,2.32,116800,2.32
2014-09-29,2.37,2.45,2.33,2.45,54900,2.45
2014-09-26,2.51,2.51,2.36,2.38,82600,2.38
2014-09-25,2.59,2.63,2.46,2.48,83200,2.48
2014-09-24,2.44,2.67,2.42,2.57,215000,2.57
2014-09-23,2.34,2.39,2.34,2.36,50400,2.36
2014-09-22,2.39,2.44,2.37,2.37,117900,2.37
2014-09-19,2.46,2.47,2.33,2.44,250000,2.44
2014-09-18,2.47,2.50,2.45,2.46,59800,2.46
2014-09-17,2.49,2.58,2.46,2.47,122700,2.47
2014-09-16,2.54,2.59,2.46,2.49,144900,2.49
2014-09-15,2.70,2.70,2.53,2.57,268300,2.57
2014-09-12,2.73,2.74,2.64,2.72,105100,2.72
2014-09-11,2.80,2.82,2.70,2.72,151700,2.72
2014-09-10,2.87,2.87,2.80,2.82,71600,2.82
2014-09-09,2.95,2.97,2.80,2.83,180700,2.83
2014-09-08,3.07,3.10,2.95,2.96,162500,2.96
2014-09-05,3.05,3.18,3.02,3.08,217200,3.08
2014-09-04,3.60,3.61,3.13,3.24,1402000,3.24
2014-09-03,2.96,3.00,2.85,2.85,107000,2.85
2014-09-02,2.92,3.07,2.92,2.97,45800,2.97
2014-08-29,2.92,2.98,2.91,2.94,20700,2.94
2014-08-28,3.02,3.02,2.90,2.90,55700,2.90
2014-08-27,2.94,3.02,2.94,3.00,23900,3.00
2014-08-26,2.90,3.03,2.90,3.00,155200,3.00
2014-08-25,2.87,2.96,2.82,2.91,75600,2.91
2014-08-22,2.90,2.90,2.82,2.82,75200,2.82
2014-08-21,2.88,2.95,2.87,2.92,23800,2.92
2014-08-20,2.87,2.91,2.82,2.90,53700,2.90
2014-08-19,2.90,2.96,2.87,2.89,67300,2.89
2014-08-18,3.00,3.01,2.90,2.94,82000,2.94
2014-08-15,2.97,3.03,2.90,2.99,83100,2.99
2014-08-14,2.92,3.00,2.87,2.99,76600,2.99
2014-08-13,2.94,3.00,2.89,2.94,53400,2.94
2014-08-12,2.91,3.05,2.90,2.92,81800,2.92
2014-08-11,2.74,2.98,2.66,2.93,260100,2.93
2014-08-08,2.87,2.88,2.70,2.75,224100,2.75
2014-08-07,3.05,3.09,2.79,2.85,297000,2.85
2014-08-06,3.00,3.13,3.00,3.05,75500,3.05
2014-08-05,3.31,3.35,3.00,3.01,225600,3.01
2014-08-04,3.30,3.35,3.18,3.22,80000,3.22
2014-08-01,3.26,3.36,3.22,3.29,53500,3.29
2014-07-31,3.38,3.48,3.26,3.30,54300,3.30
2014-07-30,3.35,3.40,3.29,3.40,72300,3.40
2014-07-29,3.28,3.33,3.20,3.32,65800,3.32
2014-07-28,3.30,3.30,3.20,3.24,51900,3.24
2014-07-25,3.27,3.32,3.24,3.29,37100,3.29
2014-07-24,3.31,3.31,3.20,3.28,48000,3.28
2014-07-23,3.43,3.43,3.21,3.31,76800,3.31
2014-07-22,3.36,3.45,3.36,3.40,66300,3.40
2014-07-21,3.27,3.41,3.14,3.36,121600,3.36
2014-07-18,3.21,3.29,3.20,3.25,39700,3.25
2014-07-17,3.11,3.30,3.10,3.21,65900,3.21
2014-07-16,3.24,3.24,3.09,3.14,119000,3.14
2014-07-15,3.33,3.38,3.22,3.23,91300,3.23
2014-07-14,3.32,3.38,3.31,3.34,52900,3.34
2014-07-11,3.31,3.37,3.23,3.34,60000,3.34
2014-07-10,3.21,3.38,3.15,3.32,141300,3.32
2014-07-09,3.27,3.52,3.27,3.29,91500,3.29
2014-07-08,3.45,3.46,3.20,3.26,297100,3.26
2014-07-07,3.50,3.59,3.43,3.46,74600,3.46
2014-07-03,3.56,3.61,3.51,3.52,42700,3.52
2014-07-02,3.50,3.59,3.50,3.51,93000,3.51
2014-07-01,3.55,3.60,3.48,3.50,124500,3.50
2014-06-30,3.56,3.60,3.50,3.55,104600,3.55
2014-06-27,3.45,3.70,3.45,3.56,186100,3.56
2014-06-26,3.41,3.50,3.40,3.49,108900,3.49
2014-06-25,3.42,3.53,3.40,3.41,175300,3.41
2014-06-24,3.58,3.63,3.40,3.43,266300,3.43
2014-06-23,3.56,3.59,3.47,3.56,49300,3.56
2014-06-20,3.59,3.59,3.47,3.56,153100,3.56
2014-06-19,3.64,3.67,3.50,3.53,157100,3.53
2014-06-18,3.64,3.66,3.54,3.60,112300,3.60
2014-06-17,3.69,3.70,3.59,3.65,170700,3.65
2014-06-16,3.57,3.77,3.56,3.64,428800,3.64
2014-06-13,3.60,3.60,3.51,3.55,143000,3.55
2014-06-12,3.50,3.58,3.48,3.54,85900,3.54
2014-06-11,3.51,3.59,3.50,3.53,77300,3.53
2014-06-10,3.51,3.62,3.50,3.59,246500,3.59
2014-06-09,3.57,3.58,3.46,3.49,121300,3.49
2014-06-06,3.38,3.63,3.35,3.55,234100,3.55
2014-06-05,3.50,3.51,3.40,3.41,169800,3.41
2014-06-04,3.47,3.55,3.47,3.49,92400,3.49
2014-06-03,3.52,3.55,3.45,3.46,79500,3.46
2014-06-02,3.61,3.64,3.48,3.51,212500,3.51
2014-05-30,3.63,3.73,3.50,3.58,500800,3.58
2014-05-29,3.62,3.72,3.55,3.62,479300,3.62
2014-05-28,3.51,3.67,3.51,3.59,99500,3.59
2014-05-27,3.54,3.63,3.50,3.53,84800,3.53
2014-05-23,3.61,3.68,3.50,3.55,107900,3.55
2014-05-22,3.77,3.79,3.60,3.63,87200,3.63
2014-05-21,3.75,3.85,3.73,3.77,65200,3.77
2014-05-20,3.65,3.80,3.61,3.72,77600,3.72
2014-05-19,3.60,3.80,3.57,3.70,66000,3.70
2014-05-16,3.72,3.79,3.60,3.64,66600,3.64
2014-05-15,3.68,3.75,3.58,3.69,39600,3.69
2014-05-14,3.66,3.81,3.66,3.71,131800,3.71
2014-05-13,3.65,3.74,3.60,3.69,78900,3.69
2014-05-12,3.54,3.75,3.54,3.65,85400,3.65
2014-05-09,3.52,3.57,3.44,3.51,164400,3.51
2014-05-08,3.50,3.64,3.45,3.53,125700,3.53
2014-05-07,3.87,3.88,3.50,3.55,261500,3.55
2014-05-06,4.00,4.07,3.75,3.75,201600,3.75
2014-05-05,3.93,4.02,3.91,3.99,106200,3.99
2014-05-02,4.26,4.28,3.98,4.00,175100,4.00
2014-05-01,3.85,4.27,3.73,4.24,728600,4.24
2014-04-30,3.70,3.89,3.66,3.87,119500,3.87
2014-04-29,3.85,3.86,3.71,3.74,125700,3.74
2014-04-28,3.81,3.86,3.60,3.84,173400,3.84
2014-04-25,3.86,3.86,3.69,3.75,96800,3.75
2014-04-24,3.96,4.00,3.84,3.89,93800,3.89
2014-04-23,4.11,4.11,3.92,3.94,191600,3.94
2014-04-22,3.92,4.14,3.89,4.12,257100,4.12
2014-04-21,3.60,3.91,3.60,3.89,346300,3.89
2014-04-17,3.64,3.67,3.53,3.60,245000,3.60
2014-04-16,3.35,3.69,3.35,3.65,273400,3.65
2014-04-15,3.55,3.59,3.10,3.33,579600,3.33
2014-04-14,3.71,3.76,3.42,3.54,397000,3.54
2014-04-11,3.92,3.94,3.64,3.68,556500,3.68
2014-04-10,4.21,4.24,3.87,3.97,439500,3.97
2014-04-09,3.95,4.20,3.95,4.15,291100,4.15
2014-04-08,3.92,4.09,3.90,3.93,407600,3.93
2014-04-07,4.17,4.28,3.85,3.94,571400,3.94
2014-04-04,4.52,4.60,4.17,4.20,564100,4.20
2014-04-03,4.71,4.72,4.35,4.49,796400,4.49
2014-04-02,4.37,4.74,4.31,4.72,556200,4.72
2014-04-01,4.49,4.65,4.30,4.39,528900,4.39
2014-03-31,4.04,4.27,4.02,4.25,383500,4.25
2014-03-28,4.04,4.18,3.97,4.03,280500,4.03
2014-03-27,4.10,4.17,3.96,4.04,314800,4.04
2014-03-26,4.11,4.36,4.06,4.09,290500,4.09
2014-03-25,4.17,4.29,4.00,4.10,280700,4.10
2014-03-24,4.41,4.42,4.03,4.19,612200,4.19
2014-03-21,4.63,4.66,4.36,4.41,288500,4.41
2014-03-20,4.64,4.76,4.56,4.59,170900,4.59
2014-03-19,4.85,4.99,4.60,4.64,367100,4.64
2014-03-18,4.43,4.85,4.41,4.81,379300,4.81
2014-03-17,4.45,4.63,4.36,4.43,215400,4.43
2014-03-14,4.22,4.58,4.16,4.42,413700,4.42
2014-03-13,4.46,4.50,4.12,4.26,761000,4.26
2014-03-12,4.58,4.63,4.45,4.46,327800,4.46
2014-03-11,4.77,4.90,4.54,4.56,371900,4.56
2014-03-10,4.61,4.83,4.53,4.82,387300,4.82
2014-03-07,4.82,4.87,4.58,4.63,577100,4.63
2014-03-06,5.00,5.15,4.65,4.81,550600,4.81
2014-03-05,5.06,5.15,4.93,5.00,400700,5.00
2014-03-04,5.09,5.26,5.02,5.05,516600,5.05
2014-03-03,4.90,5.19,4.81,5.12,584400,5.12
2014-02-28,5.05,5.20,4.80,4.96,573800,4.96
2014-02-27,4.89,5.20,4.87,5.05,541000,5.05
2014-02-26,5.40,5.62,4.87,4.89,1797900,4.89
2014-02-25,5.88,5.99,5.36,5.52,1043000,5.52
2014-02-24,5.86,6.13,5.76,5.86,725000,5.86
2014-02-21,5.85,6.12,5.79,5.80,674500,5.80
2014-02-20,5.68,5.93,5.68,5.80,452700,5.80
2014-02-19,5.82,6.18,5.68,5.69,947400,5.69
2014-02-18,5.66,5.99,5.65,5.82,601000,5.82
2014-02-14,5.86,6.08,5.58,5.60,939500,5.60
2014-02-13,6.03,6.32,5.64,5.83,2143800,5.83
2014-02-12,5.19,6.34,5.10,6.15,2101000,6.15
2014-02-11,5.18,5.51,5.09,5.19,704600,5.19
2014-02-10,4.56,5.35,4.50,5.21,1088400,5.21
2014-02-07,4.61,4.75,4.57,4.57,274400,4.57
2014-02-06,4.59,4.88,4.59,4.61,293700,4.61
2014-02-05,4.52,4.75,4.35,4.59,507700,4.59
2014-02-04,4.75,4.86,4.55,4.56,490400,4.56
2014-02-03,5.11,5.21,4.66,4.71,555400,4.71
2014-01-31,5.20,5.25,5.04,5.13,248500,5.13
2014-01-30,5.25,5.35,5.13,5.26,374000,5.26
2014-01-29,5.06,5.40,5.00,5.20,482200,5.20
2014-01-28,4.92,5.17,4.82,5.12,477300,5.12
2014-01-27,5.10,5.26,4.71,4.94,881300,4.94
2014-01-24,5.51,5.60,5.09,5.12,933500,5.12
2014-01-23,5.52,5.70,5.41,5.57,443200,5.57
2014-01-22,5.80,5.93,5.55,5.58,958200,5.58
2014-01-21,5.57,5.86,5.42,5.86,1953200,5.86
2014-01-17,4.95,5.44,4.95,5.33,1167400,5.33
2014-01-16,5.20,5.23,4.92,4.99,818200,4.99
2014-01-15,5.28,5.84,5.11,5.24,4481200,5.24
2014-01-14,4.35,5.08,4.29,4.96,2463200,4.96
2014-01-13,4.45,4.77,4.32,4.38,776400,4.38
2014-01-10,4.43,4.63,4.29,4.44,469400,4.44
2014-01-09,4.24,4.57,4.05,4.46,1037600,4.46
2014-01-08,4.57,4.62,4.19,4.27,1087900,4.27
2014-01-07,5.09,5.24,4.41,4.50,5120000,4.50
2014-01-06,3.83,4.10,3.77,4.00,493300,4.00
2014-01-03,3.81,3.97,3.76,3.81,351800,3.81
2014-01-02,3.64,3.81,3.60,3.76,294100,3.76
2013-12-31,3.81,3.88,3.58,3.62,540000,3.62
2013-12-30,3.75,3.95,3.70,3.84,443500,3.84
2013-12-27,4.02,4.19,3.69,3.77,764500,3.77
2013-12-26,4.24,4.29,4.03,4.06,420300,4.06
2013-12-24,4.36,4.41,4.08,4.14,340400,4.14
2013-12-23,4.04,4.42,3.98,4.33,1469800,4.33
2013-12-20,3.82,4.04,3.78,3.98,812700,3.98
2013-12-19,3.83,4.10,3.63,3.77,1028800,3.77
2013-12-18,3.60,3.96,3.55,3.86,1126400,3.86
2013-12-17,3.26,4.05,3.26,3.64,3928100,3.64
2013-12-16,3.31,3.31,3.21,3.28,309700,3.28
2013-12-13,3.16,3.45,3.11,3.21,981500,3.21
2013-12-12,3.18,3.25,3.15,3.17,196700,3.17
2013-12-11,3.20,3.38,3.15,3.16,404300,3.16
2013-12-10,3.19,3.35,3.17,3.21,363800,3.21
2013-12-09,3.20,3.37,3.17,3.18,474300,3.18
2013-12-06,3.17,3.30,3.16,3.19,318700,3.19
2013-12-05,3.21,3.25,3.15,3.15,420100,3.15
2013-12-04,3.24,3.35,3.20,3.24,232500,3.24
2013-12-03,3.33,3.42,3.17,3.22,495700,3.22
2013-12-02,3.37,3.48,3.30,3.36,446800,3.36
2013-11-29,3.44,3.50,3.34,3.34,218000,3.34
2013-11-27,3.51,3.58,3.45,3.48,216800,3.48
2013-11-26,3.54,3.73,3.49,3.53,449200,3.53
2013-11-25,3.61,3.88,3.53,3.55,853800,3.55
2013-11-22,3.41,3.65,3.37,3.55,377600,3.55
2013-11-21,3.35,3.65,3.30,3.40,541700,3.40
2013-11-20,3.29,3.47,3.24,3.41,512600,3.41
2013-11-19,3.53,3.53,3.23,3.27,628600,3.27
2013-11-18,3.58,3.84,3.43,3.49,709000,3.49
2013-11-15,3.63,3.77,3.52,3.57,563400,3.57
2013-11-14,3.84,3.92,3.63,3.64,520900,3.64
2013-11-13,4.01,4.06,3.76,3.82,433600,3.82
2013-11-12,3.88,4.30,3.85,4.04,1227900,4.04
2013-11-11,3.68,3.98,3.56,3.86,826800,3.86
2013-11-08,3.73,3.90,3.65,3.66,613900,3.66
2013-11-07,3.50,3.89,3.50,3.84,1033800,3.84
2013-11-06,3.51,3.72,3.46,3.50,623400,3.50
2013-11-05,3.72,3.76,3.50,3.50,739400,3.50
2013-11-04,3.98,4.00,3.72,3.72,908500,3.72
2013-11-01,4.359997,4.400001,3.969997,3.980003,1199000,3.63139
2013-10-31,4.250003,4.529998,3.930004,4.370004,1762600,3.98723
2013-10-30,4.520003,4.659995,4.259998,4.289996,1531500,3.91423
2013-10-29,4.749998,4.879995,4.300003,4.500001,1946700,4.10584
2013-10-28,4.729996,5.119996,4.529998,4.670001,1610100,4.26095
2013-10-25,4.94,5.420005,4.60,4.760005,4788500,4.34307
2013-10-24,5.300004,6.239999,4.659995,4.82,18584200,4.39781
2013-10-23,3.629996,5.690004,3.599998,5.069997,20971800,4.62591
2013-10-22,3.849996,3.930004,3.45,3.570001,899700,3.2573
2013-10-21,3.549999,4.039998,3.549999,3.819998,2438800,3.4854
2013-10-18,3.259997,3.799996,3.239995,3.529997,2245800,3.2208
2013-10-17,3.159998,3.270004,3.139996,3.259997,382300,2.97445
2013-10-16,3.13,3.270004,3.120005,3.18,386600,2.90146
2013-10-15,3.209997,3.289995,3.100003,3.120005,450600,2.84672
2013-10-14,3.239995,3.250001,3.18,3.200002,179100,2.91971
2013-10-11,3.250001,3.300001,3.229999,3.239995,165600,2.9562
2013-10-10,3.229999,3.289995,3.220004,3.270004,262200,2.98358
2013-10-09,3.309997,3.309997,3.189995,3.220004,315900,2.93796
2013-10-08,3.359996,3.359996,3.209997,3.309997,531500,3.02007
2013-10-07,3.289995,3.350001,3.259997,3.340005,278000,3.04745
2013-10-04,3.470002,3.490004,3.259997,3.329999,417200,3.03832
2013-10-03,3.429998,3.429998,3.220004,3.270004,511000,2.98358
2013-10-02,3.379998,3.520001,3.309997,3.429998,664200,3.12956
2013-10-01,3.320003,3.390005,3.279999,3.329999,383100,3.03832
2013-09-30,3.229999,3.420002,3.170004,3.329999,871600,3.03832
2013-09-27,3.309997,3.359996,3.170004,3.220004,511000,2.93796
2013-09-26,3.470002,3.590003,3.279999,3.320003,788900,3.0292
2013-09-25,3.570001,3.719999,3.40,3.429998,2539400,3.12956
2013-09-24,3.289995,3.289995,3.150002,3.170004,506000,2.89234
2013-09-23,3.320003,3.340005,3.239995,3.279999,390200,2.9927
2013-09-20,3.220004,3.499999,3.200002,3.340005,1154700,3.04745
2013-09-19,3.300001,3.340005,3.109998,3.229999,539500,2.94708
2013-09-18,3.40,3.549999,3.259997,3.279999,591400,2.9927
2013-09-17,3.200002,3.370003,3.159998,3.300001,315900,3.01095
2013-09-16,3.250001,3.45,3.109998,3.189995,546500,2.91058
2013-09-13,3.229999,3.440004,3.189995,3.200002,434600,2.91971
2013-09-12,3.499999,3.499999,3.200002,3.209997,1162300,2.92883
2013-09-11,3.570001,3.62,3.479997,3.499999,421300,3.19343
2013-09-10,3.590003,3.710004,3.520001,3.579996,723100,3.26642
2013-09-09,3.769999,3.780005,3.590003,3.590003,706100,3.27555
2013-09-06,3.780005,3.810003,3.629996,3.640002,472800,3.32117
2013-09-05,3.810003,3.819998,3.649998,3.729995,660500,3.40328
2013-09-04,3.880004,3.910002,3.729995,3.780005,788500,3.44891
2013-09-03,3.549999,4.100004,3.549999,3.760003,3121500,3.43066
2013-08-30,3.679995,3.799996,3.45,3.520001,1276400,3.21168
2013-08-29,3.849996,3.89,3.679995,3.690002,774300,3.36679
2013-08-28,3.939999,4.289996,3.749997,3.830005,2672700,3.49453
2013-08-27,3.62,4.320004,3.62,3.949995,4253200,3.60401
2013-08-26,3.760003,3.849996,3.599998,3.599998,788900,3.28467
2013-08-23,3.899995,3.899995,3.629996,3.790001,666200,3.45803
2013-08-22,3.67,3.939999,3.549999,3.769999,884000,3.43978
2013-08-21,3.819998,3.819998,3.520001,3.529997,500200,3.2208
2013-08-20,3.760003,3.949995,3.62,3.729995,653300,3.40328
2013-08-19,4.119995,4.230001,3.62,3.629996,1499500,3.31204
2013-08-16,4.150004,4.420003,4.069996,4.159999,1228300,3.79562
2013-08-15,4.019996,4.429999,3.880004,4.11,1749200,3.75
2013-08-14,3.640002,4.429999,3.599998,4.180001,3193300,3.81387
2013-08-13,4.200003,4.230001,3.529997,3.660004,1891600,3.33942
2013-08-12,4.209999,4.479999,4.050005,4.230001,1906900,3.85949
2013-08-09,4.840002,4.980004,4.010001,4.069996,4173600,3.7135
2013-08-08,4.749998,5.640005,4.60,4.620002,14744800,4.21533
2013-08-07,9.889996,9.98,8.020002,8.689997,3656600,7.92883
2013-08-06,9.900003,10.850005,9.419999,10.129998,10646100,9.242699
2013-08-05,7.650003,10.340003,7.600003,9.490001,20597100,8.65876
2013-08-02,4.180001,8.989994,4.150004,7.34,18986600,6.69708
2013-08-01,5.26,5.280002,4.000005,4.200003,2835300,3.83212
2013-07-31,5.749999,6.589996,5.069997,5.239998,4799300,4.78102
2013-07-30,3.069995,6.899999,2.329997,5.849999,16854200,5.33759
2013-07-29,1.649995,1.800005,1.649995,1.780003,44300,1.62409
2013-07-26,1.750005,1.850004,1.669997,1.699995,46100,1.55109
2013-07-25,1.630004,1.780003,1.630004,1.769996,26900,1.61496
2013-07-24,1.610002,1.699995,1.59,1.660002,16300,1.5146
2013-07-23,1.680004,1.710001,1.610002,1.610002,22100,1.46898
2013-07-22,1.669997,1.719997,1.649995,1.719997,8200,1.56934
2013-07-19,1.669997,1.950003,1.669997,1.689999,89800,1.54197
2013-07-18,1.419999,1.750005,1.399997,1.750005,109000,1.59672
2013-07-17,1.449997,1.449997,1.429995,1.440001,7200,1.31387
2013-07-16,1.399997,1.429995,1.340002,1.429995,15000,1.30474
2013-07-15,1.410004,1.449997,1.379995,1.410004,15400,1.2865
2013-07-12,1.360004,1.469999,1.349998,1.379995,20100,1.25912
2013-07-11,1.410004,1.410004,1.349998,1.379995,16700,1.25912
2013-07-10,1.349998,1.419999,1.209995,1.360004,40800,1.24088
2013-07-09,1.349998,1.440001,1.310005,1.340002,9600,1.22263
2013-07-08,1.379995,1.469999,1.310005,1.360004,12000,1.24088
2013-07-05,1.390002,1.410004,1.360004,1.390002,19100,1.26825
2013-07-03,1.299998,1.449997,1.299998,1.449997,5800,1.32299
2013-07-02,1.260005,1.449997,1.260005,1.349998,40000,1.23175
2013-07-01,1.530005,1.549996,1.379995,1.379995,24400,1.25912
2013-06-28,1.399997,1.560002,1.310005,1.549996,106200,1.41423
2013-06-27,1.399997,1.479995,1.399997,1.399997,37700,1.27737
2013-06-26,1.630004,1.630004,1.37,1.429995,101200,1.30474
2013-06-25,1.649995,1.789998,1.630004,1.630004,38100,1.48723
2013-06-24,1.739999,1.830002,1.610002,1.669997,16400,1.52372
2013-06-21,1.800005,1.850004,1.800005,1.800005,15400,1.64234
2013-06-20,1.800005,1.830002,1.800005,1.800005,4400,1.64234
2013-06-19,1.789998,1.850004,1.780003,1.839998,17500,1.67883
2013-06-18,1.819996,1.819996,1.760001,1.789998,16600,1.63321
2013-06-17,1.750005,1.850004,1.719997,1.780003,17600,1.62409
2013-06-14,1.760001,1.81,1.719997,1.750005,19900,1.59672
2013-06-13,1.769996,1.869995,1.669997,1.739999,20100,1.58759
2013-06-12,1.780003,1.81,1.710001,1.789998,11300,1.63321
2013-06-11,1.760001,1.830002,1.760001,1.800005,8200,1.64234
2013-06-10,1.839998,1.839998,1.760001,1.830002,20600,1.66971
2013-06-07,1.800005,1.830002,1.750005,1.81,12300,1.65146
2013-06-06,1.800005,1.839998,1.719997,1.800005,12900,1.64234
2013-06-05,1.680004,1.839998,1.669997,1.830002,24200,1.66971
2013-06-04,1.680004,1.800005,1.669997,1.789998,23100,1.63321
2013-06-03,1.730003,1.780003,1.669997,1.780003,22300,1.62409
2013-05-31,1.680004,1.800005,1.669997,1.750005,46000,1.59672
2013-05-30,1.649995,1.660002,1.619997,1.660002,16600,1.5146
2013-05-29,1.630004,1.680004,1.610002,1.610002,15400,1.46898
2013-05-28,1.660002,1.689999,1.610002,1.64,29700,1.49635
2013-05-24,1.699995,1.710001,1.649995,1.649995,35100,1.50547
2013-05-23,1.750005,1.750005,1.699995,1.730003,46900,1.57847
2013-05-22,1.750005,1.800005,1.669997,1.750005,43800,1.59672
2013-05-21,1.730003,1.760001,1.730003,1.739999,21000,1.58759
2013-05-20,1.750005,1.789998,1.730003,1.730003,14200,1.57847
2013-05-17,1.81,1.81,1.669997,1.750005,21400,1.59672
2013-05-16,1.730003,1.839998,1.610002,1.839998,85300,1.67883
2013-05-15,1.769996,1.769996,1.689999,1.710001,44100,1.56022
2013-05-14,1.900004,1.900004,1.660002,1.739999,206900,1.58759
2013-05-13,1.819996,2.000003,1.750005,1.950003,77200,1.7792
2013-05-10,1.86,1.86,1.789998,1.819996,18800,1.66058
2013-05-09,1.780003,1.86,1.750005,1.780003,31600,1.62409
2013-05-08,1.750005,1.800005,1.739999,1.760001,18400,1.60584
2013-05-07,1.689999,1.789998,1.689999,1.760001,48200,1.60584
2013-05-06,1.830002,1.830002,1.680004,1.699995,48900,1.55109
2013-05-03,1.980001,1.980001,1.819996,1.830002,97300,1.66971
2013-05-02,1.900004,1.980001,1.880002,1.970005,103400,1.79745
2013-05-01,1.780003,1.950003,1.780003,1.880002,52000,1.71533
2013-04-30,1.780003,1.880002,1.780003,1.800005,25900,1.64234
2013-04-29,1.719997,1.839998,1.719997,1.780003,23100,1.62409
2013-04-26,1.789998,1.789998,1.710001,1.730003,25900,1.57847
2013-04-25,1.81,1.81,1.739999,1.760001,20000,1.60584
2013-04-24,1.830002,1.830002,1.750005,1.760001,38500,1.60584
2013-04-23,1.889997,1.889997,1.789998,1.819996,29900,1.66058
2013-04-22,1.819996,1.909999,1.780003,1.850004,76600,1.68796
2013-04-19,1.719997,1.830002,1.719997,1.789998,39600,1.63321
2013-04-18,1.81,1.81,1.669997,1.719997,84200,1.56934
2013-04-17,1.780003,1.780003,1.630004,1.710001,82200,1.56022
2013-04-16,1.739999,1.86,1.660002,1.760001,92300,1.60584
2013-04-15,1.649995,1.950003,1.649995,1.689999,288900,1.54197
2013-04-12,1.59,1.649995,1.549996,1.619997,84900,1.4781
2013-04-11,1.580004,1.599995,1.499997,1.580004,52100,1.44161
2013-04-10,1.510003,1.660002,1.510003,1.599995,107200,1.45985
2013-04-09,1.560002,1.569998,1.499997,1.530005,29800,1.39599
2013-04-08,1.549996,1.64,1.499997,1.540001,100000,1.40511
2013-04-05,1.699995,1.699995,1.499997,1.560002,180700,1.42336
2013-04-04,1.739999,1.81,1.649995,1.669997,66000,1.52372
2013-04-03,1.900004,1.980001,1.739999,1.769996,200400,1.61496
2013-04-02,1.889997,2.000003,1.800005,1.869995,219300,1.7062
2013-04-01,2.000003,2.070004,1.850004,1.86,162800,1.69708
2013-03-28,2.109997,2.109997,1.950003,2.000003,193000,1.82482
2013-03-27,2.000003,2.139995,1.900004,2.050002,303500,1.87044
2013-03-26,2.390003,2.449998,1.959999,1.970005,1340500,1.79745
2013-03-25,2.009998,3.279999,1.959999,2.390003,4589600,2.18066
2013-03-22,1.839998,1.839998,1.769996,1.789998,35100,1.63321
2013-03-21,1.850004,1.900004,1.780003,1.800005,43700,1.64234
2013-03-20,2.009998,2.009998,1.819996,1.850004,71000,1.68796
2013-03-19,2.009998,2.039996,2.009998,2.020005,16200,1.84307
2013-03-18,2.059998,2.059998,1.909999,2.009998,77300,1.83394
2013-03-15,2.100002,2.139995,2.059998,2.070004,25200,1.88869
2013-03-14,2.139995,2.150001,2.059998,2.100002,30500,1.91606
2013-03-13,2.150001,2.190005,2.059998,2.109997,9800,1.92518
2013-03-12,2.150001,2.179999,2.089995,2.100002,44200,1.91606
2013-03-11,2.209996,2.209996,2.109997,2.129999,22600,1.94343
2013-03-08,2.179999,2.259996,2.170003,2.190005,32200,1.99818
2013-03-07,2.290004,2.290004,2.100002,2.179999,104800,1.98905
2013-03-06,3.000004,3.000004,2.30,2.309995,196800,2.10766
2013-03-05,2.499998,2.52,2.30,2.490002,118800,2.2719
2013-03-04,2.30,2.490002,2.290004,2.490002,61100,2.2719
2013-03-01,2.139995,2.309995,2.139995,2.25,23700,2.05292
2013-02-28,2.279998,2.279998,2.179999,2.179999,5400,1.98905
2013-02-27,2.059998,2.349999,2.059998,2.190005,19600,1.99818
2013-02-26,2.08,2.139995,2.08,2.109997,9000,1.92518
2013-02-25,2.190005,2.30,2.070004,2.089995,8900,1.90693
2013-02-22,2.170003,2.209996,2.039996,2.200001,17600,2.0073
2013-02-21,2.259996,2.259996,2.129999,2.159997,19300,1.9708
2013-02-20,2.390003,2.390003,2.150001,2.179999,25700,1.98905
2013-02-19,2.349999,2.429996,2.329997,2.390003,42800,2.18066
2013-02-15,2.209996,2.30,2.170003,2.290004,51800,2.08942
2013-02-14,2.009998,2.25,2.009998,2.209996,51500,2.01642
2013-02-13,2.089995,2.089995,2.009998,2.03,24500,1.85219
2013-02-12,2.03,2.059998,2.009998,2.03,30200,1.85219
2013-02-11,2.139995,2.139995,2.020005,2.020005,18400,1.84307
2013-02-08,2.039996,2.240005,2.03,2.100002,45700,1.91606
2013-02-07,2.159997,2.190005,2.089995,2.109997,41600,1.92518
2013-02-06,2.320002,2.320002,2.209996,2.229998,43100,2.03467
2013-02-05,2.240005,2.340004,2.240005,2.320002,36400,2.11679
2013-02-04,2.259996,2.340004,2.139995,2.240005,61500,2.0438
2013-02-01,2.109997,2.25,2.03,2.25,69700,2.05292
2013-01-31,2.020005,2.179999,2.009998,2.139995,52100,1.95255
2013-01-30,2.270002,2.349999,2.03,2.050002,70200,1.87044
2013-01-29,2.479996,2.529995,2.220003,2.270002,136400,2.07117
2013-01-28,2.100002,2.399999,2.000003,2.349999,148000,2.14416
2013-01-25,2.059998,2.159997,1.989996,2.050002,60000,1.87044
2013-01-24,2.150001,2.200001,2.050002,2.100002,54600,1.91606
2013-01-23,2.129999,2.179999,2.100002,2.150001,61200,1.96168
2013-01-22,2.070004,2.190005,2.03,2.129999,74100,1.94343
2013-01-18,2.179999,2.179999,1.989996,2.070004,137000,1.88869
2013-01-17,2.25,2.329997,2.159997,2.170003,73200,1.97993
2013-01-16,2.329997,2.359995,2.150001,2.290004,131600,2.08942
2013-01-15,2.69,2.699996,2.240005,2.340004,374500,2.13504
2013-01-14,2.669998,2.719998,2.549997,2.610003,128900,2.38139
2013-01-11,2.719998,2.799995,2.460005,2.669998,304000,2.43613
2013-01-10,3.000004,3.000004,2.719998,2.789999,47300,2.54562
2013-01-09,3.089997,3.150002,2.799995,2.900005,129200,2.64599
2013-01-08,3.18,3.18,2.950005,2.969996,63500,2.70985
2013-01-07,3.209997,3.209997,3.120005,3.139996,57800,2.86496
2013-01-04,3.150002,3.200002,3.100003,3.150002,26300,2.87409
2013-01-03,3.270004,3.270004,3.01,3.159998,63200,2.88321
2013-01-02,2.630005,3.270004,2.630005,3.270004,248700,2.98358
2012-12-31,2.730004,2.799995,2.47,2.549997,73800,2.32664
2012-12-28,2.919996,2.919996,2.660003,2.730004,62200,2.49088
2012-12-27,3.059999,3.189995,2.849994,2.939998,66700,2.68248
2012-12-26,3.150002,3.390005,3.000004,3.139996,89200,2.86496
2012-12-24,2.900005,3.200002,2.869996,3.189995,78000,2.91058
2012-12-21,3.000004,3.159998,2.749995,2.939998,248600,2.68248
2012-12-20,2.649996,2.950005,2.649996,2.91,191500,2.65511
2012-12-19,2.619999,2.749995,2.440003,2.680005,85200,2.44526
2012-12-18,2.660003,2.749995,2.510004,2.610003,191500,2.38139
2012-12-17,2.329997,2.789999,2.190005,2.669998,532900,2.43613
2012-12-14,2.070004,2.939998,2.059998,2.399999,1973700,2.18978
2012-12-13,1.610002,2.020005,1.499997,2.000003,182400,1.82482
2012-12-12,1.660002,1.719997,1.599995,1.649995,82000,1.50547
2012-12-11,1.37,1.649995,1.32,1.599995,149200,1.45985
2012-12-10,1.379995,1.379995,1.299998,1.37,18400,1.25
2012-12-07,1.379995,1.390002,1.32,1.32,14500,1.20438
2012-12-06,1.32,1.399997,1.32,1.329996,24500,1.2135
2012-12-05,1.399997,1.399997,1.32,1.399997,27500,1.27737
2012-12-04,1.340002,1.419999,1.299998,1.32,16500,1.20438
2012-12-03,1.390002,1.429995,1.340002,1.390002,32900,1.26825
2012-11-30,1.399997,1.440001,1.390002,1.390002,6500,1.26825
2012-11-29,1.399997,1.429995,1.349998,1.399997,10100,1.27737
2012-11-28,1.410004,1.429995,1.299998,1.410004,50600,1.2865
2012-11-27,1.499997,1.499997,1.429995,1.440001,13900,1.31387
2012-11-26,1.410004,1.519999,1.410004,1.449997,62300,1.32299
2012-11-23,1.379995,1.449997,1.360004,1.360004,9700,1.24088
2012-11-21,1.410004,1.460003,1.399997,1.419999,8600,1.29562
2012-11-20,1.349998,1.549996,1.329996,1.449997,83100,1.32299
2012-11-19,1.419999,1.490001,1.329996,1.399997,25700,1.27737
2012-11-16,1.549996,1.549996,1.329996,1.460003,70000,1.33212
2012-11-15,1.499997,1.519999,1.37,1.419999,49900,1.29562
2012-11-14,1.560002,1.660002,1.449997,1.499997,86900,1.36861
2012-11-13,1.599995,1.599995,1.560002,1.569998,22400,1.43248
2012-11-12,1.669997,1.669997,1.560002,1.610002,6300,1.46898
2012-11-09,1.610002,1.710001,1.469999,1.630004,170900,1.48723
2012-11-08,1.760001,1.760001,1.660002,1.680004,14100,1.53285
2012-11-07,1.719997,1.800005,1.599995,1.689999,76100,1.54197
2012-11-06,1.81,2.000003,1.580004,1.800005,104700,1.64234
2012-11-05,1.800005,1.850004,1.710001,1.750005,56000,1.59672
2012-11-02,1.64,1.989996,1.569998,1.730003,352200,1.57847
2012-11-01,1.800005,1.800005,1.59,1.619997,92300,1.4781
2012-10-31,1.710001,1.780003,1.599995,1.739999,61700,1.58759
2012-10-26,1.64,1.689999,1.549996,1.630004,70600,1.48723
2012-10-25,1.680004,1.730003,1.499997,1.64,154300,1.49635
2012-10-24,1.780003,1.780003,1.499997,1.64,288200,1.49635
2012-10-23,1.86,2.139995,1.680004,1.739999,566400,1.58759
2012-10-22,1.229997,2.569999,1.199999,1.900004,1388400,1.73358
2012-10-19,1.279996,1.290003,1.190004,1.229997,6600,1.12226
2012-10-18,1.290003,1.32,1.199999,1.249999,8000,1.14051
2012-10-17,1.209995,1.310005,1.190004,1.290003,29400,1.17701
2012-10-16,1.260005,1.310005,1.220001,1.220001,19800,1.11314
2012-10-15,1.070003,1.329996,1.020003,1.249999,108900,1.14051
2012-10-12,1.079998,1.109996,1.050001,1.079998,83100,0.9854
2012-10-11,1.120002,1.179997,1.090005,1.10,24800,1.00365
2012-10-10,1.229997,1.229997,1.120002,1.129998,15000,1.03102
2012-10-09,1.279996,1.299998,1.159995,1.229997,10600,1.12226
2012-10-08,1.240003,1.310005,1.179997,1.249999,13500,1.14051
2012-10-05,1.179997,1.329996,1.179997,1.199999,7200,1.09489
2012-10-04,1.249999,1.340002,1.179997,1.199999,25900,1.09489
2012-10-03,1.290003,1.390002,1.240003,1.240003,9600,1.13139
2012-10-02,1.299998,1.379995,1.009997,1.310005,84100,1.19526
2012-10-01,1.440001,1.440001,1.159995,1.260005,57200,1.14964
2012-09-28,1.410004,1.440001,1.399997,1.429995,10100,1.30474
2012-09-27,1.490001,1.490001,1.37,1.399997,7300,1.27737
2012-09-26,1.449997,1.499997,1.449997,1.449997,10400,1.32299
2012-09-25,1.460003,1.569998,1.419999,1.449997,7000,1.32299
2012-09-24,1.440001,1.499997,1.419999,1.460003,3900,1.33212
2012-09-21,1.499997,1.59,1.429995,1.429995,12600,1.30474
2012-09-20,1.460003,1.59,1.460003,1.490001,5200,1.35949
2012-09-19,1.540001,1.599995,1.479995,1.479995,25800,1.35036
2012-09-18,1.479995,1.549996,1.479995,1.530005,2400,1.39599
2012-09-17,1.549996,1.549996,1.460003,1.479995,7300,1.35036
2012-09-14,1.410004,1.479995,1.410004,1.479995,15800,1.35036
2012-09-13,1.560002,1.630004,1.410004,1.410004,45400,1.2865
2012-09-12,1.599995,1.599995,1.519999,1.580004,6700,1.44161
2012-09-11,1.630004,1.630004,1.530005,1.580004,23100,1.44161
2012-09-10,1.560002,1.59,1.499997,1.549996,17500,1.41423
2012-09-07,1.59,1.669997,1.580004,1.580004,57200,1.44161
2012-09-06,1.580004,1.669997,1.519999,1.599995,11200,1.45985
2012-09-05,1.560002,1.59,1.519999,1.569998,4100,1.43248
2012-09-04,1.569998,1.599995,1.560002,1.560002,26000,1.42336
2012-08-31,1.719997,1.719997,1.610002,1.610002,21000,1.46898
2012-08-30,1.719997,1.730003,1.699995,1.699995,600,1.55109
2012-08-29,1.760001,1.780003,1.649995,1.739999,7100,1.58759
2012-08-28,1.769996,1.789998,1.649995,1.789998,36100,1.63321
2012-08-27,1.669997,1.739999,1.599995,1.730003,19600,1.57847
2012-08-24,1.649995,1.660002,1.599995,1.660002,10800,1.5146
2012-08-23,1.710001,1.710001,1.630004,1.649995,7600,1.50547
2012-08-22,1.649995,1.750005,1.630004,1.689999,15200,1.54197
2012-08-21,1.660002,1.689999,1.599995,1.680004,12400,1.53285
2012-08-20,1.660002,1.750005,1.610002,1.699995,15700,1.55109
2012-08-17,1.719997,1.800005,1.689999,1.689999,29200,1.54197
2012-08-16,1.760001,1.830002,1.669997,1.750005,23800,1.59672
2012-08-15,1.730003,1.730003,1.680004,1.699995,4300,1.55109
2012-08-14,1.769996,1.850004,1.710001,1.710001,8600,1.56022
2012-08-13,1.750005,1.839998,1.710001,1.739999,18100,1.58759
2012-08-10,1.889997,1.889997,1.750005,1.81,39300,1.65146
2012-08-09,1.86,1.989996,1.839998,1.889997,27000,1.72445
2012-08-08,2.120004,2.150001,1.830002,1.909999,13000,1.7427
2012-08-07,2.100002,2.200001,1.839998,1.869995,45400,1.7062
2012-08-06,2.150001,2.279998,1.869995,2.039996,71500,1.86131
2012-08-03,1.780003,1.950003,1.769996,1.909999,36900,1.7427
2012-08-02,1.86,1.889997,1.800005,1.81,14600,1.65146
2012-08-01,1.81,1.939997,1.81,1.86,7300,1.69708
2012-07-31,1.909999,2.179999,1.789998,1.850004,19200,1.68796
2012-07-30,1.939997,1.939997,1.689999,1.900004,46300,1.73358
2012-07-27,1.989996,2.000003,1.850004,1.900004,49100,1.73358
2012-07-26,2.139995,2.440003,2.020005,2.020005,125800,1.84307
2012-07-25,1.649995,2.159997,1.59,2.089995,261500,1.90693
2012-07-24,1.789998,1.869995,1.599995,1.610002,33200,1.46898
2012-07-23,1.789998,1.869995,1.789998,1.789998,14900,1.63321
2012-07-20,1.789998,1.889997,1.780003,1.780003,4400,1.62409
2012-07-19,1.730003,1.800005,1.730003,1.769996,11000,1.61496
2012-07-18,1.669997,1.750005,1.669997,1.730003,24600,1.57847
2012-07-17,1.789998,1.819996,1.610002,1.630004,46500,1.48723
2012-07-16,1.959999,2.000003,1.869995,1.880002,36000,1.71533
2012-07-13,2.020005,2.200001,1.930001,2.000003,57800,1.82482
2012-07-12,2.000003,2.200001,1.819996,2.000003,64400,1.82482
2012-07-11,1.560002,2.25,1.399997,1.989996,434700,1.81569
2012-07-10,0.20,0.20,0.169999,0.169999,6200,1.55109
2012-07-09,0.20,0.21,0.19,0.20,46900,1.82482
2012-07-06,0.18,0.21,0.18,0.19,62800,1.73358
2012-07-05,0.19,0.20,0.18,0.18,35700,1.64234
2012-07-03,0.18,0.20,0.15,0.18,51000,1.64234
2012-07-02,0.20,0.22,0.20,0.20,328400,1.82482
2012-06-29,0.23,0.25,0.20,0.21,43000,1.91606
2012-06-28,0.27,0.27,0.23,0.23,7200,2.09854
2012-06-27,0.23,0.25,0.23,0.25,7800,2.28102
2012-06-26,0.21,0.25,0.21,0.23,21000,2.09854
2012-06-25,0.23,0.279999,0.22,0.22,17500,2.0073
2012-06-22,0.26,0.279999,0.23,0.23,609800,2.09854
2012-06-21,0.27,0.30,0.25,0.25,37000,2.28102
2012-06-20,0.279999,0.31,0.27,0.27,27600,2.4635
2012-06-19,0.279999,0.31,0.25,0.279999,24400,2.55474
2012-06-18,0.31,0.31,0.279999,0.279999,22400,2.55474
2012-06-15,0.30,0.32,0.26,0.31,41300,2.82847
2012-06-14,0.279999,0.30,0.26,0.29,19500,2.64599
2012-06-13,0.30,0.31,0.27,0.279999,26900,2.55474
2012-06-12,0.33,0.38,0.279999,0.30,74600,2.73723
2012-06-11,0.279999,0.39,0.279999,0.32,228400,2.91971
2012-06-08,0.23,0.27,0.22,0.27,48400,2.4635
2012-06-07,0.24,0.24,0.21,0.23,43100,2.09854
2012-06-06,0.20,0.23,0.20,0.21,36600,1.91606
2012-06-05,0.22,0.25,0.20,0.20,37000,1.82482
2012-06-04,0.23,0.27,0.21,0.22,42000,2.0073
2012-06-01,0.25,0.26,0.23,0.23,16200,2.09854
2012-05-31,0.25,0.279999,0.24,0.25,29900,2.28102
2012-05-30,0.27,0.279999,0.24,0.25,54600,2.28102
2012-05-29,0.29,0.30,0.27,0.27,24400,2.4635
2012-05-25,0.30,0.31,0.29,0.29,9500,2.64599
2012-05-24,0.30,0.32,0.29,0.30,8500,2.73723
2012-05-23,0.279999,0.33,0.26,0.30,21000,2.73723
2012-05-22,0.33,0.34,0.279999,0.279999,20300,2.55474
2012-05-21,0.30,0.35,0.30,0.32,34900,2.91971
2012-05-18,0.32,0.33,0.25,0.279999,38600,2.55474
2012-05-17,0.30,0.35,0.30,0.32,26800,2.91971
2012-05-16,0.35,0.35,0.30,0.30,20100,2.73723
2012-05-15,0.400001,0.400001,0.33,0.33,62100,3.01095
2012-05-14,0.34,0.35,0.33,0.34,11000,3.10219
2012-05-11,0.34,0.35,0.33,0.34,36900,3.10219
2012-05-10,0.35,0.35,0.34,0.34,18800,3.10219
2012-05-09,0.38,0.38,0.34,0.35,15700,3.19343
2012-05-08,0.37,0.37,0.33,0.34,84900,3.10219
2012-05-07,0.34,0.34,0.32,0.33,175700,3.01095
2012-05-04,0.34,0.37,0.32,0.34,28900,3.10219
2012-05-03,0.37,0.38,0.33,0.34,22000,3.10219
2012-05-02,0.39,0.41,0.32,0.39,56000,3.55839
2012-05-01,0.41,0.44,0.38,0.39,55500,3.55839
2012-04-30,0.41,0.44,0.400001,0.41,14200,3.74088
2012-04-27,0.41,0.43,0.41,0.41,8700,3.74088
2012-04-26,0.41,0.44,0.41,0.42,10000,3.83212
2012-04-25,0.42,0.42,0.400001,0.42,19700,3.83212
2012-04-24,0.41,0.44,0.400001,0.41,13500,3.74088
2012-04-23,0.44,0.44,0.39,0.41,37000,3.74088
2012-04-20,0.43,0.44,0.41,0.42,8700,3.83212
2012-04-19,0.400001,0.44,0.400001,0.41,11500,3.74088
2012-04-18,0.41,0.44,0.41,0.41,6600,3.74088
2012-04-17,0.41,0.43,0.41,0.42,6000,3.83212
2012-04-16,0.41,0.44,0.400001,0.41,14500,3.74088
2012-04-13,0.42,0.44,0.39,0.41,24700,3.74088
2012-04-12,0.400001,0.44,0.400001,0.43,15800,3.92336
2012-04-11,0.46,0.46,0.400001,0.400001,28600,3.64964
2012-04-10,0.42,0.43,0.39,0.400001,26400,3.64964
2012-04-09,0.37,0.45,0.37,0.42,86900,3.83212
2012-04-05,0.56,0.56,0.35,0.37,150500,3.37591
2012-04-04,0.60,0.60,0.56,0.57,18300,5.20073
2012-04-03,0.68,0.68,0.61,0.62,21200,5.65693
2012-04-02,0.65,0.68,0.62,0.68,27400,6.20438
2012-03-30,0.67,0.69,0.65,0.65,12800,5.93066
2012-03-29,0.66,0.70,0.65,0.66,24800,6.0219
2012-03-28,0.67,0.70,0.66,0.66,4400,6.0219
2012-03-27,0.69,0.72,0.67,0.67,6000,6.11314
2012-03-26,0.69,0.71,0.67,0.69,10600,6.29562
2012-03-23,0.69,0.72,0.67,0.69,10500,6.29562
2012-03-22,0.69,0.71,0.66,0.68,10400,6.20438
2012-03-21,0.72,0.72,0.67,0.68,15200,6.20438
2012-03-20,0.69,0.73,0.69,0.72,18000,6.56934
2012-03-19,0.69,0.70,0.66,0.69,10900,6.29562
2012-03-16,0.70,0.75,0.70,0.71,14900,6.4781
2012-03-15,0.70,0.72,0.70,0.71,6600,6.4781
2012-03-14,0.72,0.75,0.69,0.70,12300,6.38686
2012-03-13,0.72,0.75,0.70,0.73,14700,6.66058
2012-03-12,0.73,0.739999,0.69,0.71,6000,6.4781
2012-03-09,0.70,0.75,0.69,0.73,17600,6.66058
2012-03-08,0.71,0.71,0.68,0.70,17200,6.38686
2012-03-07,0.75,0.78,0.70,0.70,19600,6.38686
2012-03-06,0.87,0.87,0.739999,0.739999,16900,6.75182
2012-03-05,0.72,0.84,0.71,0.83,28200,7.57299
2012-03-02,0.76,0.77,0.72,0.72,20300,6.56934
2012-03-01,0.80,0.80,0.76,0.76,9600,6.93431
2012-02-29,0.79,0.79,0.76,0.77,11500,7.02555
2012-02-28,0.78,0.79,0.78,0.78,5600,7.11679
2012-02-27,0.78,0.79,0.78,0.78,6200,7.11679
2012-02-24,0.77,0.81,0.77,0.79,17800,7.20803
2012-02-23,0.81,0.83,0.76,0.78,22300,7.11679
2012-02-22,0.81,0.84,0.79,0.80,12600,7.29927
2012-02-21,0.80,0.83,0.78,0.81,9300,7.39051
2012-02-17,0.80,0.80,0.78,0.79,7100,7.20803
2012-02-16,0.79,0.81,0.78,0.80,11500,7.29927
2012-02-15,0.81,0.84,0.79,0.79,9000,7.20803
2012-02-14,0.81,0.84,0.79,0.80,11900,7.29927
2012-02-13,0.77,0.80,0.77,0.80,10400,7.29927
2012-02-10,0.84,0.84,0.739999,0.76,49300,6.93431
2012-02-09,0.93,0.93,0.83,0.84,29900,7.66423
2012-02-08,0.84,0.93,0.81,0.83,55000,7.57299
2012-02-07,0.83,0.83,0.80,0.81,9900,7.39051
2012-02-06,0.83,0.84,0.78,0.82,20900,7.48175
2012-02-03,0.739999,0.84,0.72,0.83,28100,7.57299
2012-02-02,0.71,0.739999,0.69,0.73,19200,6.66058
2012-02-01,0.71,0.73,0.69,0.71,30900,6.4781
2012-01-31,0.69,0.72,0.69,0.70,14300,6.38686
2012-01-30,0.75,0.78,0.68,0.69,93300,6.29562
2012-01-27,0.81,0.81,0.739999,0.75,35900,6.84307
2012-01-26,0.80,0.80,0.80,0.80,13100,7.29927
2012-01-25,0.81,0.81,0.78,0.79,9600,7.20803
2012-01-24,0.80,0.82,0.78,0.80,13100,7.29927
2012-01-23,0.82,0.82,0.79,0.80,13100,7.29927
2012-01-20,0.80,0.83,0.80,0.82,11800,7.48175
2012-01-19,0.80,0.82,0.79,0.80,12200,7.29927
2012-01-18,0.79,0.82,0.78,0.80,17500,7.29927
2012-01-17,0.84,0.84,0.77,0.79,10700,7.20803
2012-01-13,0.81,0.849999,0.79,0.80,15100,7.29927
2012-01-12,0.849999,0.87,0.81,0.83,13900,7.57299
2012-01-11,0.860001,0.89,0.80,0.849999,15700,7.75547
2012-01-10,0.76,0.88,0.76,0.849999,49800,7.75547
2012-01-09,0.77,0.78,0.75,0.75,19700,6.84307
2012-01-06,0.82,0.82,0.76,0.77,34000,7.02555
2012-01-05,0.83,0.83,0.79,0.82,20600,7.48175
2012-01-04,0.849999,0.849999,0.80,0.83,4200,7.57299
2012-01-03,0.84,0.87,0.80,0.849999,11100,7.75547
2011-12-30,0.849999,0.89,0.81,0.82,116100,7.48175
2011-12-29,0.84,0.849999,0.84,0.849999,41400,7.75547
2011-12-28,0.84,0.849999,0.83,0.84,62100,7.66423
2011-12-27,0.84,0.849999,0.83,0.84,20200,7.66423
2011-12-23,0.83,0.860001,0.83,0.84,15500,7.66423
2011-12-22,0.849999,0.860001,0.83,0.84,23400,7.66423
2011-12-21,0.849999,0.860001,0.83,0.849999,18700,7.75547
2011-12-20,0.849999,0.860001,0.83,0.860001,28600,7.84672
2011-12-19,0.90,0.95,0.82,0.84,81700,7.66423
2011-12-16,0.90,0.92,0.89,0.90,34800,8.21168
2011-12-15,0.91,0.94,0.89,0.90,22100,8.21168
2011-12-14,0.89,0.92,0.89,0.90,18700,8.21168
2011-12-13,0.90,0.95,0.89,0.89,51100,8.12044
2011-12-12,0.88,0.91,0.88,0.89,20600,8.12044
2011-12-09,0.88,0.95,0.88,0.89,31700,8.12044
2011-12-08,0.95,1.00,0.88,0.88,49300,8.0292
2011-12-07,0.99,1.01,0.94,0.95,30400,8.66788
2011-12-06,1.04,1.07,0.99,1.00,23300,9.12409
2011-12-05,0.99,1.05,0.98,1.04,20600,9.48905
2011-12-02,1.00,1.04,0.95,0.98,20000,8.94161
2011-12-01,1.079999,1.090001,0.98,0.99,33600,9.03285
2011-11-30,1.10,1.12,1.01,1.03,162400,9.39781
2011-11-29,1.06,1.07,1.02,1.05,10400,9.58029
2011-11-28,0.98,1.07,0.92,1.07,22100,9.76277
2011-11-25,0.95,0.98,0.94,0.969999,2700,8.85036
2011-11-23,0.96,1.01,0.95,0.95,16900,8.66788
2011-11-22,0.99,1.04,0.96,0.969999,18600,8.85036
2011-11-21,1.06,1.079999,0.96,0.99,24000,9.03285
2011-11-18,1.00,1.13,1.00,1.01,18300,9.21533
2011-11-17,1.02,1.07,1.00,1.00,20700,9.12409
2011-11-16,1.07,1.11,1.03,1.03,15100,9.39781
2011-11-15,1.06,1.14,1.04,1.090001,14500,9.94526
2011-11-14,1.079999,1.15,1.05,1.06,30600,9.67153
2011-11-11,1.05,1.079999,1.02,1.079999,40700,9.85401
2011-11-10,1.079999,1.079999,1.00,1.04,24000,9.48905
2011-11-09,1.10,1.14,1.05,1.06,33800,9.67153
2011-11-08,1.10,1.18,0.96,1.14,50300,10.40146
2011-11-07,1.15,1.320001,1.14,1.25,31600,11.40511
2011-11-04,1.16,1.17,1.12,1.17,3600,10.67518
2011-11-03,1.16,1.200001,1.11,1.18,12900,10.76642
2011-11-02,1.13,1.17,1.11,1.14,8600,10.40146
2011-11-01,1.15,1.17,1.10,1.10,12900,10.0365
2011-10-31,1.200001,1.200001,1.090001,1.16,12700,10.58394
2011-10-28,1.14,1.25,1.12,1.23,22500,11.22263
2011-10-27,1.03,1.14,0.96,1.14,49900,10.40146
2011-10-26,1.00,1.01,0.92,1.01,22600,9.21533
2011-10-25,1.04,1.06,0.969999,0.98,18000,8.94161
2011-10-24,1.00,1.06,0.99,1.06,17700,9.67153
2011-10-21,1.03,1.03,0.99,1.00,20700,9.12409
2011-10-20,1.01,1.05,0.99,1.00,11200,9.12409
2011-10-19,1.05,1.07,0.99,1.02,21400,9.30657
2011-10-18,1.03,1.07,1.02,1.05,19500,9.58029
2011-10-17,1.090001,1.10,1.00,1.03,30700,9.39781
2011-10-14,1.12,1.16,1.090001,1.11,38000,10.12774
2011-10-13,1.13,1.13,1.05,1.12,6900,10.21898
2011-10-12,1.15,1.18,1.10,1.11,21400,10.12774
2011-10-11,1.090001,1.13,1.05,1.10,19500,10.0365
2011-10-10,1.10,1.19,1.06,1.090001,24800,9.94526
2011-10-07,1.19,1.200001,1.06,1.07,25500,9.76277
2011-10-06,1.00,1.200001,1.00,1.200001,39000,10.94891
2011-10-05,1.11,1.11,0.969999,1.06,27700,9.67153
2011-10-04,1.04,1.12,0.89,1.11,43800,10.12774
2011-10-03,1.11,1.18,0.98,1.04,37800,9.48905
2011-09-30,1.19,1.19,1.11,1.11,30100,10.12774
2011-09-29,1.22,1.26,1.16,1.200001,16100,10.94891
2011-09-28,1.34,1.34,1.19,1.200001,18700,10.94891
2011-09-27,1.21,1.36,1.21,1.36,26300,12.40876
2011-09-26,1.200001,1.24,1.12,1.200001,18600,10.94891
2011-09-23,1.16,1.200001,1.13,1.19,28000,10.85766
2011-09-22,1.30,1.309999,1.15,1.16,39400,10.58394
2011-09-21,1.38,1.40,1.33,1.34,29700,12.22628
2011-09-20,1.35,1.430001,1.35,1.39,25200,12.68248
2011-09-19,1.419999,1.419999,1.34,1.37,20600,12.50
2011-09-16,1.430001,1.48,1.36,1.419999,35800,12.9562
2011-09-15,1.41,1.41,1.29,1.41,16100,12.86496
2011-09-14,1.419999,1.44,1.38,1.40,18100,12.77372
2011-09-13,1.36,1.430001,1.34,1.41,24500,12.86496
2011-09-12,1.34,1.40,1.29,1.36,36200,12.40876
2011-09-09,1.36,1.38,1.28,1.35,32600,12.31752
2011-09-08,1.41,1.47,1.36,1.37,34800,12.50
2011-09-07,1.41,1.48,1.41,1.430001,43100,13.04745
2011-09-06,1.33,1.40,1.23,1.39,50100,12.68248
2011-09-02,1.38,1.419999,1.21,1.38,59800,12.59124
2011-09-01,1.29,1.45,1.28,1.40,100300,12.77372
2011-08-31,1.17,1.55,1.15,1.30,205700,11.86131
2011-08-30,1.05,1.12,1.03,1.12,42900,10.21898
2011-08-29,0.99,1.079999,0.99,1.079999,82200,9.85401
2011-08-26,0.91,0.96,0.91,0.95,88900,8.66788
2011-08-25,1.00,1.06,0.91,0.91,52100,8.30292
2011-08-24,1.00,1.10,0.96,1.02,43000,9.30657
2011-08-23,0.94,1.10,0.88,1.00,139900,9.12409
2011-08-22,0.93,0.969999,0.90,0.94,132500,8.57664
2011-08-19,0.98,1.01,0.95,0.969999,100100,8.85036
2011-08-18,1.03,1.11,0.99,0.99,179700,9.03285
2011-08-17,1.079999,1.13,1.02,1.03,176600,9.39781
2011-08-16,1.14,1.18,1.07,1.07,168000,9.76277
2011-08-15,1.11,1.24,1.10,1.16,345100,10.58394
2011-08-12,1.12,1.15,1.06,1.079999,100200,9.85401
2011-08-11,1.25,1.25,1.07,1.090001,177000,9.94526
2011-08-10,1.34,1.34,1.10,1.10,241300,10.0365
2011-08-09,1.64,1.64,1.11,1.19,598600,10.85766
2011-08-08,2.70,2.99,2.70,2.85,67900,26.003651
2011-08-05,2.810001,2.98,2.669999,2.77,58500,25.27372
2011-08-04,3.01,3.10,2.78,2.78,54600,25.36496
2011-08-03,3.02,3.11,3.01,3.02,21100,27.554741
2011-08-02,3.20,3.24,3.01,3.01,20700,27.463499
2011-08-01,3.29,3.29,3.19,3.25,16300,29.65328
2011-07-29,3.19,3.29,3.05,3.25,27500,29.65328
2011-07-28,3.26,3.38,3.22,3.22,27200,29.37956
2011-07-27,3.44,3.46,3.23,3.27,24400,29.83577
2011-07-26,3.43,3.47,3.38,3.45,11100,31.4781
2011-07-25,3.49,3.53,3.43,3.43,22900,31.29562
2011-07-22,3.51,3.56,3.43,3.54,11800,32.299271
2011-07-21,3.50,3.55,3.44,3.47,24600,31.66058
2011-07-20,3.56,3.56,3.44,3.49,14400,31.843069
2011-07-19,3.40,3.58,3.370001,3.56,15200,32.481751
2011-07-18,3.50,3.53,3.36,3.370001,18400,30.74818
2011-07-15,3.40,3.54,3.39,3.51,24900,32.025551
2011-07-14,3.370001,3.42,3.35,3.39,16100,30.93066
2011-07-13,3.44,3.50,3.35,3.38,23200,30.83942
2011-07-12,3.40,3.49,3.35,3.43,23800,31.29562
2011-07-11,3.38,3.47,3.28,3.39,22600,30.93066
2011-07-08,3.42,3.56,3.42,3.44,15400,31.38686
2011-07-07,3.47,3.51,3.34,3.46,28700,31.56934
2011-07-06,3.39,3.479999,3.36,3.42,23000,31.20438
2011-07-05,3.56,3.56,3.38,3.39,28400,30.93066
2011-07-01,3.55,3.63,3.50,3.57,31200,32.57299
2011-06-30,3.59,3.70,3.479999,3.51,88000,32.025551
2011-06-29,3.57,3.59,3.47,3.58,64500,32.66423
2011-06-28,3.54,3.58,3.47,3.54,24200,32.299271
2011-06-27,3.62,3.62,3.47,3.54,76900,32.299271
2011-06-24,3.45,3.62,3.42,3.600001,234400,32.846722
2011-06-23,3.36,3.479999,3.30,3.45,37500,31.4781
2011-06-22,3.23,3.55,3.23,3.41,134000,31.11314
2011-06-21,3.05,3.30,3.030001,3.24,54500,29.56204
2011-06-20,3.030001,3.10,2.98,3.06,40600,27.91971
2011-06-17,3.04,3.09,2.97,3.030001,45800,27.64599
2011-06-16,3.030001,3.09,2.95,3.01,36600,27.463499
2011-06-15,3.00,3.11,2.95,3.01,20800,27.463499
2011-06-14,2.94,3.10,2.94,3.00,26700,27.372259
2011-06-13,3.01,3.19,2.88,2.90,35600,26.45985
2011-06-10,3.16,3.30,2.99,2.99,40800,27.281019
2011-06-09,3.15,3.28,3.15,3.20,10700,29.197081
2011-06-08,3.22,3.34,3.16,3.16,16700,28.832121
2011-06-07,3.21,3.38,3.21,3.24,31300,29.56204
2011-06-06,3.33,3.33,3.18,3.19,24800,29.105841
2011-06-03,3.21,3.39,3.20,3.32,29500,30.291969
2011-06-02,3.28,3.34,3.25,3.28,11200,29.92701
2011-06-01,3.43,3.43,3.28,3.28,15000,29.92701
2011-05-31,3.50,3.50,3.370001,3.45,25600,31.4781
2011-05-27,3.46,3.479999,3.33,3.43,9200,31.29562
2011-05-26,3.31,3.50,3.29,3.45,28700,31.4781
2011-05-25,3.23,3.35,3.23,3.31,12000,30.200729
2011-05-24,3.33,3.39,3.23,3.23,37000,29.4708
2011-05-23,3.35,3.40,3.33,3.33,24500,30.383209
2011-05-20,3.42,3.44,3.35,3.370001,11600,30.74818
2011-05-19,3.45,3.45,3.35,3.45,17000,31.4781
2011-05-18,3.39,3.45,3.38,3.43,18100,31.29562
2011-05-17,3.33,3.43,3.33,3.40,16300,31.0219
2011-05-16,3.39,3.45,3.35,3.370001,24800,30.74818
2011-05-13,3.479999,3.479999,3.32,3.43,17000,31.29562
2011-05-12,3.26,3.50,3.25,3.50,30000,31.934311
2011-05-11,3.31,3.36,3.28,3.30,17300,30.109489
2011-05-10,3.36,3.49,3.30,3.32,54400,30.291969
2011-05-09,3.370001,3.46,3.33,3.35,14900,30.565689
2011-05-06,3.39,3.55,3.36,3.36,25800,30.656931
2011-05-05,3.41,3.52,3.32,3.32,51900,30.291969
2011-05-04,3.40,3.54,3.38,3.39,58000,30.93066
2011-05-03,3.71,3.78,3.36,3.38,122300,30.83942
2011-05-02,3.89,4.039999,3.89,4.01,40200,36.587589
2011-04-29,4.049999,4.09,3.89,3.89,36100,35.492699
2011-04-28,4.00,4.060001,3.929999,4.01,13900,36.587589
2011-04-27,4.02,4.03,3.97,4.01,19600,36.587589
2011-04-26,4.02,4.07,3.929999,3.98,33600,36.31387
2011-04-25,3.78,4.049999,3.74,4.03,21000,36.770069
2011-04-21,3.85,3.87,3.69,3.80,19200,34.671532
2011-04-20,3.81,3.81,3.69,3.81,20700,34.762772
2011-04-19,3.87,3.87,3.70,3.74,17200,34.124088
2011-04-18,3.90,3.919999,3.82,3.83,15200,34.945259
2011-04-15,3.96,4.00,3.91,3.97,13900,36.22263
2011-04-14,3.77,4.02,3.73,3.97,30100,36.22263
2011-04-13,3.89,3.89,3.76,3.80,13000,34.671532
2011-04-12,3.89,3.97,3.50,3.85,27900,35.127739
2011-04-11,4.049999,4.11,3.919999,3.96,17500,36.13139
2011-04-08,4.039999,4.170001,3.99,4.039999,54800,36.861309
2011-04-07,4.10,4.21,3.99,4.00,41300,36.496349
2011-04-06,4.24,4.24,4.03,4.11,49900,37.50
2011-04-05,4.039999,4.24,4.00,4.24,193300,38.686131
2011-04-04,3.87,4.15,3.85,4.039999,149700,36.861309
2011-04-01,3.89,3.89,3.79,3.87,20300,35.310219
2011-03-31,3.87,3.87,3.75,3.87,16500,35.310219
2011-03-30,3.90,3.90,3.76,3.86,21200,35.218979
2011-03-29,3.83,3.90,3.78,3.90,22000,35.583939
2011-03-28,3.81,3.84,3.75,3.81,20000,34.762772
2011-03-25,3.76,3.83,3.56,3.79,28900,34.580292
2011-03-24,3.81,3.81,3.74,3.75,17800,34.215328
2011-03-23,3.72,3.80,3.67,3.77,28600,34.397812
2011-03-22,3.64,3.72,3.54,3.71,26600,33.850361
2011-03-21,3.57,3.67,3.53,3.62,33300,33.029202
2011-03-18,3.45,3.53,3.370001,3.53,33600,32.208031
2011-03-17,3.46,3.54,3.40,3.42,12200,31.20438
2011-03-16,3.51,3.54,3.36,3.40,33400,31.0219
2011-03-15,3.50,3.55,3.50,3.53,24100,32.208031
2011-03-14,3.59,3.70,3.56,3.600001,25000,32.846722
2011-03-11,3.62,3.72,3.57,3.600001,25500,32.846722
2011-03-10,3.76,3.80,3.57,3.67,36600,33.485401
2011-03-09,3.87,3.96,3.81,3.83,45400,34.945259
2011-03-08,3.75,3.83,3.72,3.77,15100,34.397812
2011-03-07,3.69,3.78,3.65,3.76,20900,34.306568
2011-03-04,3.70,3.75,3.57,3.66,23400,33.394161
2011-03-03,3.88,3.88,3.64,3.68,34100,33.576641
2011-03-02,3.78,3.89,3.72,3.84,21100,35.036499
2011-03-01,3.64,3.85,3.64,3.79,56400,34.580292
2011-02-28,4.00,4.049999,3.83,3.95,54900,36.04015
2011-02-25,3.919999,4.00,3.84,3.99,35900,36.405109
2011-02-24,3.87,3.91,3.70,3.90,24000,35.583939
2011-02-23,3.81,3.95,3.73,3.87,41700,35.310219
2011-02-22,3.75,3.84,3.68,3.81,32500,34.762772
2011-02-18,3.75,3.83,3.479999,3.81,35700,34.762772
2011-02-17,3.71,3.75,3.600001,3.73,35600,34.032848
2011-02-16,3.55,3.73,3.50,3.71,35200,33.850361
2011-02-15,3.610001,3.62,3.49,3.52,17800,32.116791
2011-02-14,3.64,3.66,3.600001,3.64,11200,33.211681
2011-02-11,3.57,3.66,3.54,3.65,17300,33.302921
2011-02-10,3.49,3.63,3.45,3.600001,12700,32.846722
2011-02-09,3.479999,3.53,3.47,3.50,8900,31.934311
2011-02-08,3.51,3.55,3.46,3.50,24300,31.934311
2011-02-07,3.36,3.56,3.35,3.51,52800,32.025551
2011-02-04,3.49,3.49,3.32,3.36,24500,30.656931
2011-02-03,3.45,3.51,3.33,3.479999,18000,31.75182
2011-02-02,3.43,3.52,3.43,3.46,32000,31.56934
2011-02-01,3.39,3.51,3.39,3.46,63400,31.56934
2011-01-31,3.28,3.43,3.28,3.36,32100,30.656931
2011-01-28,3.45,3.53,3.24,3.24,81700,29.56204
2011-01-27,3.59,3.62,3.45,3.49,21000,31.843069
2011-01-26,3.600001,3.64,3.53,3.58,20300,32.66423
2011-01-25,3.62,3.74,3.52,3.57,20800,32.57299
2011-01-24,3.45,3.75,3.45,3.62,44400,33.029202
2011-01-21,3.53,3.56,3.45,3.46,29000,31.56934
2011-01-20,3.52,3.59,3.45,3.479999,18400,31.75182
2011-01-19,3.62,3.64,3.44,3.53,36400,32.208031
2011-01-18,3.54,3.65,3.52,3.62,45000,33.029202
2011-01-14,3.68,3.69,3.51,3.55,35800,32.390511
2011-01-13,3.69,3.74,3.64,3.68,25000,33.576641
2011-01-12,3.75,3.78,3.64,3.69,39800,33.667881
2011-01-11,3.79,3.81,3.69,3.70,26900,33.759121
2011-01-10,3.62,3.76,3.600001,3.75,11300,34.215328
2011-01-07,3.74,3.74,3.63,3.65,25200,33.302921
2011-01-06,3.81,3.84,3.70,3.72,53000,33.941608
2011-01-05,3.82,3.89,3.77,3.80,33400,34.671532
2011-01-04,3.95,3.95,3.75,3.82,22200,34.854012
2011-01-03,3.86,3.95,3.86,3.929999,15100,35.857658
2010-12-31,3.82,3.99,3.69,3.83,29500,34.945259
2010-12-30,3.929999,4.00,3.919999,3.940001,18600,35.94891
2010-12-29,3.929999,4.00,3.929999,3.940001,13900,35.94891
2010-12-28,4.01,4.01,3.919999,3.940001,18500,35.94891
2010-12-27,3.89,4.049999,3.89,4.02,22200,36.678829
2010-12-23,3.88,4.07,3.86,3.919999,34600,35.766418
2010-12-22,3.83,3.89,3.82,3.89,24300,35.492699
2010-12-21,3.82,3.86,3.68,3.83,17200,34.945259
2010-12-20,3.70,3.80,3.67,3.75,48500,34.215328
2010-12-17,3.70,3.71,3.63,3.67,40000,33.485401
2010-12-16,3.70,3.70,3.610001,3.70,34500,33.759121
2010-12-15,3.57,3.70,3.57,3.70,27500,33.759121
2010-12-14,3.58,3.65,3.52,3.59,32200,32.75547
2010-12-13,3.46,3.58,3.45,3.55,41100,32.390511
2010-12-10,3.370001,3.52,3.370001,3.45,25700,31.4781
2010-12-09,3.40,3.44,3.34,3.38,32600,30.83942
2010-12-08,3.51,3.53,3.35,3.38,40600,30.83942
2010-12-07,3.55,3.58,3.47,3.49,24800,31.843069
2010-12-06,3.51,3.52,3.45,3.50,20100,31.934311
2010-12-03,3.55,3.65,3.479999,3.57,23100,32.57299
2010-12-02,3.56,3.610001,3.47,3.58,27800,32.66423
2010-12-01,3.55,3.67,3.51,3.55,43100,32.390511
2010-11-30,3.51,3.57,3.40,3.45,42900,31.4781
2010-11-29,3.66,3.70,3.56,3.57,19700,32.57299
2010-11-26,3.600001,3.70,3.600001,3.69,11700,33.667881
2010-11-24,3.66,3.70,3.62,3.64,16200,33.211681
2010-11-23,3.52,3.64,3.52,3.63,41600,33.120441
2010-11-22,3.479999,3.600001,3.46,3.56,46100,32.481751
2010-11-19,3.57,3.57,3.47,3.49,24500,31.843069
2010-11-18,3.57,3.600001,3.52,3.56,18800,32.481751
2010-11-17,3.55,3.610001,3.51,3.53,18900,32.208031
2010-11-16,3.58,3.600001,3.50,3.54,25800,32.299271
2010-11-15,3.70,3.73,3.59,3.600001,34600,32.846722
2010-11-12,3.67,3.73,3.65,3.69,51100,33.667881
2010-11-11,3.65,3.82,3.610001,3.65,247800,33.302921
2010-11-10,3.97,4.039999,3.90,4.00,13200,36.496349
2010-11-09,4.11,4.14,3.95,3.97,19900,36.22263
2010-11-08,4.00,4.10,3.99,4.09,13000,37.31752
2010-11-05,4.02,4.10,4.00,4.039999,8800,36.861309
2010-11-04,3.99,4.060001,3.919999,4.049999,13700,36.952549
2010-11-03,3.919999,3.929999,3.84,3.89,17400,35.492699
2010-11-02,4.10,4.10,3.85,3.929999,28000,35.857658
2010-11-01,3.98,4.07,3.919999,3.95,18500,36.04015
2010-10-29,3.929999,4.00,3.919999,3.95,24400,36.04015
2010-10-28,4.11,4.14,3.90,3.96,15000,36.13139
2010-10-27,4.07,4.07,4.00,4.060001,8900,37.0438
2010-10-26,4.10,4.14,4.060001,4.12,29000,37.59124
2010-10-25,4.15,4.170001,4.10,4.12,31000,37.59124
2010-10-22,4.15,4.15,4.10,4.14,11200,37.77372
2010-10-21,3.98,4.159999,3.98,4.13,31000,37.68248
2010-10-20,3.82,3.96,3.82,3.940001,21800,35.94891
2010-10-19,3.87,3.929999,3.74,3.78,23800,34.489052
2010-10-18,4.07,4.07,3.91,3.940001,26700,35.94891
2010-10-15,4.00,4.09,3.90,4.060001,36200,37.0438
2010-10-14,3.98,4.00,3.82,3.95,56900,36.04015
2010-10-13,4.039999,4.15,4.01,4.12,18100,37.59124
2010-10-12,4.09,4.09,4.00,4.03,24000,36.770069
2010-10-11,4.08,4.13,4.08,4.12,8800,37.59124
2010-10-08,4.10,4.14,4.060001,4.12,8900,37.59124
2010-10-07,4.170001,4.180001,4.08,4.09,9900,37.31752
2010-10-06,4.060001,4.15,4.060001,4.13,70500,37.68248
2010-10-05,4.060001,4.10,4.049999,4.08,21200,37.22628
2010-10-04,4.21,4.22,4.02,4.02,12300,36.678829
2010-10-01,4.180001,4.22,4.07,4.21,15300,38.412411
2010-09-30,4.25,4.25,4.049999,4.14,27900,37.77372
2010-09-29,4.159999,4.25,4.11,4.15,15700,37.86496
2010-09-28,4.22,4.26,4.060001,4.159999,15100,37.9562
2010-09-27,4.34,4.34,4.14,4.20,14000,38.321171
2010-09-24,4.35,4.43,4.300001,4.35,32500,39.689781
2010-09-23,4.03,4.31,4.00,4.31,28700,39.324822
2010-09-22,4.14,4.290001,4.060001,4.07,18300,37.13504
2010-09-21,4.10,4.23,4.08,4.159999,23600,37.9562
2010-09-20,3.99,4.12,3.95,4.08,30300,37.22628
2010-09-17,3.86,4.14,3.81,4.039999,34000,36.861309
2010-09-16,3.80,3.87,3.76,3.80,11000,34.671532
2010-09-15,3.83,3.87,3.71,3.82,20200,34.854012
2010-09-14,3.97,4.03,3.85,3.86,26700,35.218979
2010-09-13,3.940001,4.039999,3.91,3.99,23800,36.405109
2010-09-10,3.87,3.98,3.76,3.90,21900,35.583939
2010-09-09,3.98,4.15,3.79,3.84,67100,35.036499
2010-09-08,3.33,3.83,3.28,3.79,42400,34.580292
2010-09-07,3.45,3.47,3.30,3.30,13900,30.109489
2010-09-03,3.479999,3.52,3.370001,3.49,14300,31.843069
2010-09-02,3.29,3.40,3.27,3.370001,13800,30.74818
2010-09-01,3.25,3.39,3.25,3.34,15100,30.474449
2010-08-31,3.18,3.29,3.13,3.15,24000,28.740879
2010-08-30,3.31,3.35,3.16,3.17,12900,28.923361
2010-08-27,3.23,3.34,3.14,3.33,24900,30.383209
2010-08-26,3.14,3.25,3.10,3.17,16700,28.923361
2010-08-25,3.18,3.18,3.05,3.12,23200,28.46715
2010-08-24,3.25,3.26,3.08,3.21,23100,29.288321
2010-08-23,3.44,3.44,3.28,3.28,13300,29.92701
2010-08-20,3.370001,3.55,3.27,3.43,28200,31.29562
2010-08-19,3.66,3.79,3.35,3.39,26900,30.93066
2010-08-18,3.22,3.88,3.19,3.72,100100,33.941608
2010-08-17,3.26,3.27,3.19,3.23,27600,29.4708
2010-08-16,3.29,3.32,3.21,3.23,15400,29.4708
2010-08-13,3.42,3.46,3.25,3.29,31000,30.01825
2010-08-12,3.42,3.56,3.370001,3.44,14300,31.38686
2010-08-11,3.72,3.72,3.46,3.50,28300,31.934311
2010-08-10,3.82,3.85,3.73,3.77,13500,34.397812
2010-08-09,3.95,3.95,3.78,3.88,12800,35.401459
2010-08-06,4.00,4.02,3.82,3.940001,16700,35.94891
2010-08-05,4.00,4.060001,3.99,4.039999,8300,36.861309
2010-08-04,4.11,4.11,4.00,4.02,22100,36.678829
2010-08-03,4.49,4.49,4.060001,4.10,20300,37.40876
2010-08-02,4.23,4.43,4.11,4.41,33200,40.237228
2010-07-30,4.07,4.20,4.039999,4.180001,30400,38.138691
2010-07-29,4.10,4.15,3.940001,4.09,23300,37.31752
2010-07-28,4.23,4.23,3.99,4.07,16100,37.13504
2010-07-27,4.21,4.290001,4.11,4.21,21900,38.412411
2010-07-26,3.78,4.20,3.78,4.180001,35400,38.138691
2010-07-23,3.69,3.84,3.69,3.79,14600,34.580292
2010-07-22,3.67,3.71,3.600001,3.71,17000,33.850361
2010-07-21,3.75,3.85,3.58,3.600001,40100,32.846722
2010-07-20,3.57,3.75,3.52,3.73,16300,34.032848
2010-07-19,3.63,3.73,3.58,3.62,16300,33.029202
2010-07-16,3.81,3.81,3.58,3.63,36400,33.120441
2010-07-15,4.01,4.01,3.73,3.85,19700,35.127739
2010-07-14,3.929999,4.19,3.88,4.01,47400,36.587589
2010-07-13,3.30,4.23,3.30,3.95,78900,36.04015
2010-07-12,3.20,3.31,3.12,3.15,9400,28.740879
2010-07-09,3.15,3.21,3.11,3.20,25400,29.197081
2010-07-08,3.23,3.23,3.10,3.14,21000,28.649639
2010-07-07,3.13,3.19,3.08,3.19,12300,29.105841
2010-07-06,3.24,3.25,3.10,3.11,14400,28.37591
2010-07-02,3.22,3.23,3.17,3.20,11800,29.197081
2010-07-01,3.33,3.34,3.00,3.19,34600,29.105841
2010-06-30,3.57,3.66,3.30,3.31,40300,30.200729
2010-06-29,3.55,3.59,3.55,3.55,26300,32.390511
2010-06-28,3.610001,3.64,3.58,3.58,10100,32.66423
2010-06-25,3.64,3.69,3.59,3.59,114500,32.75547
2010-06-24,3.55,3.66,3.52,3.62,8200,33.029202
2010-06-23,3.600001,3.610001,3.45,3.56,16400,32.481751
2010-06-22,3.64,3.69,3.59,3.62,13400,33.029202
2010-06-21,3.75,3.77,3.62,3.62,14300,33.029202
2010-06-18,3.79,3.85,3.66,3.70,23500,33.759121
2010-06-17,3.81,3.82,3.67,3.76,8800,34.306568
2010-06-16,3.63,3.84,3.63,3.81,94600,34.762772
2010-06-15,3.67,3.80,3.62,3.65,21900,33.302921
2010-06-14,3.77,3.87,3.62,3.64,13400,33.211681
2010-06-11,3.63,3.74,3.57,3.74,7400,34.124088
2010-06-10,3.59,3.73,3.56,3.70,19500,33.759121
2010-06-09,3.53,3.64,3.50,3.54,22300,32.299271
2010-06-08,3.58,3.64,3.45,3.479999,24700,31.75182
2010-06-07,3.71,3.75,3.57,3.58,17500,32.66423
2010-06-04,3.78,3.88,3.69,3.70,44300,33.759121
2010-06-03,3.77,3.95,3.77,3.90,22700,35.583939
2010-06-02,3.610001,3.76,3.610001,3.71,26500,33.850361
2010-06-01,3.70,3.70,3.610001,3.610001,14900,32.937962
2010-05-28,3.75,3.87,3.71,3.72,23000,33.941608
2010-05-27,3.72,3.95,3.70,3.75,27400,34.215328
2010-05-26,3.72,3.78,3.62,3.62,20600,33.029202
2010-05-25,3.600001,3.69,3.45,3.68,33000,33.576641
2010-05-24,3.69,3.79,3.610001,3.65,21400,33.302921
2010-05-21,3.600001,3.84,3.55,3.72,26000,33.941608
2010-05-20,3.84,3.88,3.600001,3.62,45500,33.029202
2010-05-19,4.12,4.20,3.85,3.90,49900,35.583939
2010-05-18,4.25,4.27,4.13,4.159999,16200,37.9562
2010-05-17,4.22,4.290001,4.10,4.180001,16600,38.138691
2010-05-14,4.43,4.48,4.10,4.170001,41600,38.047451
2010-05-13,4.46,4.65,4.42,4.45,33700,40.602188
2010-05-12,4.15,4.46,4.10,4.45,46000,40.602188
2010-05-11,4.049999,4.20,4.049999,4.159999,28400,37.9562
2010-05-10,4.24,4.44,3.929999,4.060001,45300,37.0438
2010-05-07,3.90,4.09,3.55,4.02,93500,36.678829
2010-05-06,4.619999,4.619999,3.79,3.90,136200,35.583939
2010-05-05,4.52,4.67,4.47,4.63,28100,42.24453
2010-05-04,4.69,4.77,4.52,4.55,30700,41.514599
2010-05-03,4.79,4.87,4.65,4.76,17300,43.43066
2010-04-30,4.99,5.00,4.75,4.76,23500,43.43066
2010-04-29,4.88,5.00,4.80,4.99,19000,45.529202
2010-04-28,4.96,4.980001,4.79,4.88,19000,44.525551
2010-04-27,4.66,4.88,4.56,4.88,47100,44.525551
2010-04-26,4.77,4.860001,4.65,4.67,26500,42.609489
2010-04-23,4.84,4.89,4.72,4.76,26900,43.43066
2010-04-22,4.88,4.92,4.77,4.82,28800,43.9781
2010-04-21,4.970001,4.99,4.88,4.94,15500,45.07299
2010-04-20,4.89,4.980001,4.849999,4.980001,13400,45.437962
2010-04-19,4.980001,4.980001,4.80,4.860001,14500,44.343071
2010-04-16,5.04,5.04,4.90,4.980001,18600,45.437962
2010-04-15,5.04,5.09,5.03,5.06,17300,46.167881
2010-04-14,4.740001,5.08,4.740001,5.07,32400,46.259121
2010-04-13,4.80,4.88,4.67,4.729999,57600,43.156929
2010-04-12,5.00,5.00,4.84,4.849999,37800,44.25182
2010-04-09,5.16,5.16,4.95,4.970001,13700,45.346722
2010-04-08,5.09,5.20,5.04,5.14,19300,46.897812
2010-04-07,5.11,5.16,5.05,5.12,24700,46.715328
2010-04-06,5.03,5.18,5.03,5.13,36700,46.806568
2010-04-05,5.09,5.25,5.02,5.16,30500,47.080292
2010-04-01,5.03,5.11,5.03,5.11,22700,46.624088
2010-03-31,4.96,5.16,4.93,5.01,21400,45.711681
2010-03-30,5.09,5.09,4.96,4.99,26800,45.529202
2010-03-29,5.02,5.08,5.01,5.08,28000,46.350361
2010-03-26,5.05,5.18,4.970001,5.04,32000,45.985401
2010-03-25,4.78,5.13,4.76,5.05,94600,46.076641
2010-03-24,4.860001,4.90,4.78,4.79,45000,43.70438
2010-03-23,4.92,4.93,4.84,4.860001,48300,44.343071
2010-03-22,4.95,5.00,4.89,4.90,64000,44.708031
2010-03-19,5.00,5.22,4.95,5.00,63400,45.620441
2010-03-18,5.289999,5.299999,5.14,5.16,34500,47.080292
2010-03-17,5.26,5.49,5.26,5.33,49300,48.63139
2010-03-16,5.430001,5.430001,5.20,5.24,25600,47.810219
2010-03-15,5.51,5.51,5.33,5.40,28300,49.270069
2010-03-12,5.68,5.68,5.409999,5.56,27700,50.729931
2010-03-11,5.71,5.74,5.60,5.660001,25500,51.642342
2010-03-10,5.90,5.92,5.69,5.72,32500,52.189781
2010-03-09,5.50,6.02,5.50,5.77,51400,52.645989
2010-03-08,5.68,5.76,5.45,5.529999,43700,50.4562
2010-03-05,4.94,5.71,4.94,5.68,92600,51.824822
2010-03-04,4.87,4.94,4.81,4.88,14000,44.525551
2010-03-03,4.95,5.02,4.76,4.860001,29700,44.343071
2010-03-02,4.76,4.970001,4.75,4.92,31200,44.890511
2010-03-01,4.76,4.79,4.740001,4.76,28000,43.43066
2010-02-26,5.00,5.09,4.75,4.75,38100,43.33942
2010-02-25,4.77,5.01,4.64,4.99,60700,45.529202
2010-02-24,4.860001,5.00,4.81,4.849999,37400,44.25182
2010-02-23,4.75,4.90,4.740001,4.84,26800,44.16058
2010-02-22,4.76,4.78,4.72,4.76,16500,43.43066
2010-02-19,4.75,4.83,4.72,4.78,75700,43.61314
2010-02-18,4.68,4.84,4.59,4.78,30000,43.61314
2010-02-17,4.80,4.80,4.64,4.67,22000,42.609489
2010-02-16,4.80,4.90,4.71,4.79,83000,43.70438
2010-02-12,4.34,4.75,4.300001,4.71,46200,42.974449
2010-02-11,4.22,4.39,4.170001,4.39,21700,40.054741
2010-02-10,4.24,4.279999,4.159999,4.25,25700,38.77737
2010-02-09,4.24,4.27,4.20,4.25,23700,38.77737
2010-02-08,3.98,4.27,3.97,4.19,29800,38.229931
2010-02-05,3.940001,3.98,3.85,3.97,17300,36.22263
2010-02-04,4.09,4.10,3.929999,3.940001,40300,35.94891
2010-02-03,4.14,4.22,4.07,4.11,15300,37.50
2010-02-02,4.08,4.23,4.07,4.15,71000,37.86496
2010-02-01,4.10,4.19,4.00,4.08,27200,37.22628
2010-01-29,4.170001,4.180001,4.049999,4.060001,20000,37.0438
2010-01-28,4.300001,4.33,4.10,4.15,20100,37.86496
2010-01-27,4.15,4.300001,4.15,4.290001,25300,39.142342
2010-01-26,4.11,4.21,4.07,4.170001,19000,38.047451
2010-01-25,4.12,4.19,4.08,4.11,14500,37.50
2010-01-22,4.170001,4.26,4.07,4.08,27700,37.22628
2010-01-21,4.12,4.21,4.07,4.170001,29900,38.047451
2010-01-20,4.14,4.180001,4.060001,4.12,19000,37.59124
2010-01-19,4.31,4.37,4.13,4.180001,27800,38.138691
2010-01-15,4.45,4.48,4.26,4.279999,20300,39.05109
2010-01-14,4.38,4.45,4.279999,4.37,10900,39.872261
2010-01-13,4.23,4.41,4.15,4.37,16900,39.872261
2010-01-12,4.11,4.27,4.00,4.23,27700,38.594891
2010-01-11,4.13,4.13,4.01,4.07,13200,37.13504
2010-01-08,4.039999,4.10,3.99,4.09,10300,37.31752
2010-01-07,3.99,4.060001,3.91,4.060001,20600,37.0438
2010-01-06,3.95,4.10,3.919999,3.99,22200,36.405109
2010-01-05,4.159999,4.159999,3.99,4.00,16900,36.496349
2010-01-04,3.96,4.170001,3.929999,4.159999,30000,37.9562
2009-12-31,3.929999,3.96,3.85,3.929999,22000,35.857658
2009-12-30,3.87,3.940001,3.78,3.940001,27500,35.94891
2009-12-29,3.95,3.95,3.82,3.90,21100,35.583939
2009-12-28,4.08,4.08,3.83,3.95,20800,36.04015
2009-12-24,4.11,4.11,4.03,4.049999,11800,36.952549
2009-12-23,4.12,4.12,4.03,4.08,18900,37.22628
2009-12-22,4.09,4.13,4.03,4.10,14700,37.40876
2009-12-21,4.060001,4.170001,3.99,4.10,20900,37.40876
2009-12-18,3.97,4.049999,3.82,4.049999,57800,36.952549
2009-12-17,4.15,4.170001,3.919999,3.97,24300,36.22263
2009-12-16,4.19,4.25,4.10,4.159999,15700,37.9562
2009-12-15,4.11,4.279999,4.10,4.180001,22700,38.138691
2009-12-14,4.22,4.22,4.09,4.14,17800,37.77372
2009-12-11,3.99,4.20,3.919999,4.180001,37200,38.138691
2009-12-10,3.929999,4.060001,3.77,3.98,38600,36.31387
2009-12-09,3.56,3.91,3.50,3.91,33500,35.675179
2009-12-08,3.71,3.75,3.49,3.58,49600,32.66423
2009-12-07,3.77,3.84,3.68,3.74,17900,34.124088
2009-12-04,3.79,3.85,3.65,3.76,31600,34.306568
2009-12-03,3.83,3.85,3.69,3.71,17200,33.850361
2009-12-02,3.88,3.89,3.80,3.81,19100,34.762772
2009-12-01,3.75,3.91,3.74,3.86,27100,35.218979
2009-11-30,3.82,3.85,3.65,3.73,28200,34.032848
2009-11-27,3.76,3.85,3.76,3.76,15600,34.306568
2009-11-25,3.98,3.99,3.80,3.80,22700,34.671532
2009-11-24,4.00,4.039999,3.79,3.91,20400,35.675179
2009-11-23,3.95,4.08,3.90,3.95,43100,36.04015
2009-11-20,4.060001,4.07,3.82,3.83,31500,34.945259
2009-11-19,4.060001,4.159999,3.90,3.919999,23700,35.766418
2009-11-18,4.23,4.300001,4.02,4.12,18100,37.59124
2009-11-17,4.08,4.26,4.049999,4.24,21800,38.686131
2009-11-16,4.13,4.180001,4.060001,4.12,26900,37.59124
2009-11-13,4.11,4.13,4.01,4.12,15600,37.59124
2009-11-12,4.159999,4.25,4.01,4.11,32500,37.50
2009-11-11,4.15,4.21,4.060001,4.15,21500,37.86496
2009-11-10,4.180001,4.19,4.07,4.11,24300,37.50
2009-11-09,4.08,4.19,4.060001,4.19,16800,38.229931
2009-11-06,4.00,4.13,3.929999,4.039999,11900,36.861309
2009-11-05,4.049999,4.13,3.99,4.02,91400,36.678829
2009-11-04,3.69,3.88,3.69,3.80,47200,34.671532
2009-11-03,3.73,3.81,3.610001,3.71,23300,33.850361
2009-11-02,3.62,3.78,3.600001,3.74,36700,34.124088
2009-10-30,3.83,3.95,3.610001,3.62,103500,33.029202
2009-10-29,3.98,4.01,3.83,3.84,36300,35.036499
2009-10-28,4.12,4.12,3.940001,3.96,38200,36.13139
2009-10-27,4.170001,4.21,4.049999,4.11,31700,37.50
2009-10-26,4.12,4.300001,4.049999,4.060001,46000,37.0438
2009-10-23,4.300001,4.300001,4.11,4.15,37000,37.86496
2009-10-22,4.27,4.33,4.21,4.300001,35600,39.233582
2009-10-21,4.37,4.40,4.26,4.279999,47500,39.05109
2009-10-20,4.40,4.42,4.25,4.37,61800,39.872261
2009-10-19,4.300001,4.42,4.23,4.40,41900,40.145988
2009-10-16,4.279999,4.39,4.25,4.25,26300,38.77737
2009-10-15,4.31,4.41,4.26,4.300001,21900,39.233582
2009-10-14,4.35,4.40,4.26,4.31,20200,39.324822
2009-10-13,4.48,4.49,4.25,4.31,39100,39.324822
2009-10-12,4.35,4.49,4.35,4.46,35800,40.693432
2009-10-09,4.31,4.67,4.25,4.37,188600,39.872261
2009-10-08,4.27,4.39,4.21,4.25,28300,38.77737
2009-10-07,4.26,4.31,4.20,4.23,11700,38.594891
2009-10-06,4.45,4.45,4.24,4.26,21500,38.86861
2009-10-05,4.02,4.170001,4.01,4.14,16700,37.77372
2009-10-02,4.03,4.049999,3.90,4.02,26300,36.678829
2009-10-01,4.42,4.42,4.07,4.08,32300,37.22628
2009-09-30,4.49,4.52,4.38,4.46,21700,40.693432
2009-09-29,4.50,4.58,4.50,4.50,8500,41.058392
2009-09-28,4.36,4.59,4.36,4.50,24500,41.058392
2009-09-25,4.50,4.50,4.300001,4.35,18700,39.689781
2009-09-24,4.60,4.65,4.32,4.44,40200,40.510948
2009-09-23,4.65,4.75,4.50,4.57,40800,41.697079
2009-09-22,4.65,4.65,4.52,4.56,20200,41.605839
2009-09-21,4.41,4.59,4.31,4.58,50000,41.788319
2009-09-18,4.36,4.51,4.33,4.46,43800,40.693432
2009-09-17,4.26,4.36,4.20,4.35,23100,39.689781
2009-09-16,4.38,4.42,4.21,4.25,32900,38.77737
2009-09-15,4.10,4.44,4.07,4.34,66900,39.598541
2009-09-14,4.14,4.14,4.00,4.10,16700,37.40876
2009-09-11,4.25,4.290001,4.14,4.159999,17000,37.9562
2009-09-10,4.24,4.33,4.07,4.19,51500,38.229931
2009-09-09,4.03,4.170001,4.00,4.159999,18600,37.9562
2009-09-08,4.21,4.21,3.77,4.02,38700,36.678829
2009-09-04,3.80,4.19,3.80,4.19,73300,38.229931
2009-09-03,3.55,3.84,3.51,3.80,36200,34.671532
2009-09-02,3.43,3.55,3.43,3.52,21100,32.116791
2009-09-01,3.50,3.52,3.42,3.43,26900,31.29562
2009-08-31,3.45,3.55,3.42,3.51,35900,32.025551
2009-08-28,3.610001,3.610001,3.43,3.49,33300,31.843069
2009-08-27,3.56,3.59,3.42,3.56,17900,32.481751
2009-08-26,3.55,3.58,3.46,3.52,31200,32.116791
2009-08-25,3.68,3.68,3.51,3.53,25500,32.208031
2009-08-24,3.74,3.74,3.600001,3.65,16800,33.302921
2009-08-21,3.65,3.65,3.58,3.63,38600,33.120441
2009-08-20,3.600001,3.78,3.54,3.55,34000,32.390511
2009-08-19,3.64,3.76,3.57,3.59,20600,32.75547
2009-08-18,3.70,3.76,3.610001,3.67,20100,33.485401
2009-08-17,3.50,3.86,3.40,3.65,48400,33.302921
2009-08-14,3.59,3.68,3.50,3.54,28900,32.299271
2009-08-13,3.62,3.72,3.53,3.600001,27800,32.846722
2009-08-12,3.600001,3.72,3.52,3.63,30200,33.120441
2009-08-11,3.75,3.87,3.600001,3.610001,28600,32.937962
2009-08-10,3.90,4.00,3.73,3.79,33900,34.580292
2009-08-07,4.15,4.25,3.87,3.88,113600,35.401459
2009-08-06,5.02,5.19,3.81,4.33,130500,39.507301
2009-08-05,4.69,5.00,4.609999,4.96,63800,45.25547
2009-08-04,4.69,4.849999,4.57,4.67,37300,42.609489
2009-08-03,4.70,4.729999,4.53,4.65,34700,42.42701
2009-07-31,4.41,4.78,4.35,4.52,44000,41.240879
2009-07-30,4.20,4.90,4.159999,4.43,45700,40.419708
2009-07-29,4.039999,4.19,4.01,4.159999,12800,37.9562
2009-07-28,4.01,4.10,4.00,4.03,19300,36.770069
2009-07-27,4.08,4.20,4.01,4.13,13500,37.68248
2009-07-24,3.940001,4.10,3.85,4.07,17400,37.13504
2009-07-23,3.83,4.02,3.82,3.98,13200,36.31387
2009-07-22,3.81,3.87,3.70,3.84,10500,35.036499
2009-07-21,4.060001,4.159999,3.69,3.82,22100,34.854012
2009-07-20,3.99,4.19,3.88,4.03,46200,36.770069
2009-07-17,3.77,4.08,3.74,3.940001,33900,35.94891
2009-07-16,3.46,3.76,3.31,3.76,23400,34.306568
2009-07-15,3.38,3.479999,3.30,3.479999,31000,31.75182
2009-07-14,3.479999,3.479999,3.35,3.370001,17700,30.74818
2009-07-13,3.43,3.479999,3.370001,3.47,21500,31.66058
2009-07-10,3.44,3.58,3.36,3.42,17300,31.20438
2009-07-09,3.49,3.54,3.41,3.43,13500,31.29562
2009-07-08,3.610001,3.69,3.39,3.43,19000,31.29562
2009-07-07,3.53,3.62,3.40,3.52,39700,32.116791
2009-07-06,3.45,3.51,3.19,3.45,84100,31.4781
2009-07-02,3.73,3.73,3.50,3.58,15400,32.66423
2009-07-01,3.929999,4.00,3.75,3.77,15000,34.397812
2009-06-30,4.03,4.03,3.88,3.88,15600,35.401459
2009-06-29,4.15,4.32,3.95,4.03,16500,36.770069
2009-06-26,3.84,4.39,3.64,4.14,83700,37.77372
2009-06-25,3.85,4.12,3.85,3.99,9700,36.405109
2009-06-24,4.02,4.12,3.82,3.88,9900,35.401459
2009-06-23,4.09,4.09,3.95,4.00,15800,36.496349
2009-06-22,4.27,4.290001,4.049999,4.049999,19200,36.952549
2009-06-19,4.22,4.46,4.07,4.290001,26100,39.142342
2009-06-18,4.039999,4.20,4.00,4.15,12700,37.86496
2009-06-17,4.19,4.25,4.02,4.060001,12200,37.0438
2009-06-16,4.300001,4.38,4.20,4.21,10600,38.412411
2009-06-15,4.38,4.44,4.170001,4.32,26300,39.416061
2009-06-12,4.53,4.60,4.33,4.48,10400,40.875912
2009-06-11,4.42,4.609999,4.37,4.57,12700,41.697079
2009-06-10,4.33,4.60,4.279999,4.39,17500,40.054741
2009-06-09,4.46,4.65,4.049999,4.27,35000,38.95985
2009-06-08,4.56,4.849999,4.25,4.45,9800,40.602188
2009-06-05,4.60,4.88,4.45,4.50,25300,41.058392
2009-06-04,4.34,4.60,4.32,4.58,26900,41.788319
2009-06-03,4.12,4.39,3.99,4.33,20200,39.507301
2009-06-02,3.73,4.170001,3.72,4.13,30900,37.68248
2009-06-01,3.54,3.90,3.54,3.74,27900,34.124088
2009-05-29,3.33,3.62,3.28,3.47,49800,31.66058
2009-05-28,3.41,3.45,3.25,3.31,14000,30.200729
2009-05-27,3.46,3.479999,3.35,3.370001,19200,30.74818
2009-05-26,3.44,3.54,3.41,3.46,21500,31.56934
2009-05-22,3.52,3.66,3.44,3.46,11500,31.56934
2009-05-21,3.43,3.54,3.23,3.51,29200,32.025551
2009-05-20,3.54,3.71,3.45,3.46,19600,31.56934
2009-05-19,3.35,3.53,3.25,3.50,24600,31.934311
2009-05-18,3.30,3.40,3.27,3.36,28800,30.656931
2009-05-15,3.38,3.47,3.27,3.29,23400,30.01825
2009-05-14,3.49,3.57,3.33,3.35,18100,30.565689
2009-05-13,3.52,3.78,3.45,3.46,23000,31.56934
2009-05-12,3.56,3.59,3.479999,3.55,15300,32.390511
2009-05-11,3.66,3.69,3.50,3.55,11300,32.390511
2009-05-08,3.62,3.78,3.33,3.73,19600,34.032848
2009-05-07,3.85,3.98,3.35,3.45,19700,31.4781
2009-05-06,3.370001,3.600001,3.27,3.52,16700,32.116791
2009-05-05,3.43,3.43,3.29,3.34,18700,30.474449
2009-05-04,3.36,3.49,3.28,3.46,15800,31.56934
2009-05-01,3.39,3.43,3.25,3.31,25800,30.200729
2009-04-30,3.33,3.51,3.30,3.34,27200,30.474449
2009-04-29,3.34,3.47,3.24,3.30,17800,30.109489
2009-04-28,3.27,3.40,3.25,3.27,11000,29.83577
2009-04-27,3.370001,3.42,3.22,3.32,14200,30.291969
2009-04-24,3.20,3.40,3.11,3.33,18300,30.383209
2009-04-23,3.24,3.29,3.05,3.16,10600,28.832121
2009-04-22,3.23,3.30,3.15,3.25,9600,29.65328
2009-04-21,3.29,3.43,3.21,3.29,19200,30.01825
2009-04-20,3.32,3.43,3.20,3.31,20000,30.200729
2009-04-17,3.479999,3.479999,3.27,3.41,24000,31.11314
2009-04-16,3.16,3.47,3.07,3.46,19600,31.56934
2009-04-15,3.10,3.14,3.05,3.12,8200,28.46715
2009-04-14,3.20,3.20,2.98,3.07,20400,28.01095
2009-04-13,3.33,3.53,3.23,3.30,14900,30.109489
2009-04-09,3.42,3.68,3.30,3.54,12800,32.299271
2009-04-08,3.35,3.52,3.28,3.33,10400,30.383209
2009-04-07,3.58,3.58,3.35,3.35,11000,30.565689
2009-04-06,3.88,3.88,3.600001,3.610001,13400,32.937962
2009-04-03,3.86,3.96,3.65,3.95,11800,36.04015
2009-04-02,3.85,4.01,3.74,3.86,18100,35.218979
2009-04-01,3.97,3.97,3.65,3.75,16100,34.215328
2009-03-31,3.940001,4.00,3.75,3.99,8400,36.405109
2009-03-30,4.02,4.10,3.76,3.88,12600,35.401459
2009-03-27,4.31,4.31,4.03,4.03,8400,36.770069
2009-03-26,4.00,4.25,3.98,4.25,19600,38.77737
2009-03-25,3.90,4.159999,3.79,4.09,14600,37.31752
2009-03-24,3.98,4.12,3.88,3.88,8500,35.401459
2009-03-23,3.81,4.20,3.81,4.08,16700,37.22628
2009-03-20,3.95,3.99,3.70,3.72,14600,33.941608
2009-03-19,4.049999,4.09,3.87,3.95,15100,36.04015
2009-03-18,3.95,4.13,3.86,4.01,15200,36.587589
2009-03-17,3.610001,3.89,3.610001,3.89,14200,35.492699
2009-03-16,3.74,3.85,3.62,3.65,16300,33.302921
2009-03-13,3.70,3.940001,3.69,3.69,14500,33.667881
2009-03-12,3.34,3.80,3.34,3.70,20900,33.759121
2009-03-11,3.600001,3.68,3.34,3.35,8500,30.565689
2009-03-10,3.40,3.58,3.35,3.58,8400,32.66423
2009-03-09,3.23,3.58,3.09,3.370001,10800,30.74818
2009-03-06,3.08,3.26,3.06,3.25,10400,29.65328
2009-03-05,3.21,3.35,3.04,3.04,13800,27.73723
2009-03-04,3.06,3.30,2.95,3.28,13900,29.92701
2009-03-03,3.030001,3.29,3.02,3.02,11800,27.554741
2009-03-02,3.10,3.26,2.98,2.99,22500,27.281019
2009-02-27,2.88,3.33,2.88,3.14,29500,28.649639
2009-02-26,3.11,3.30,2.85,2.88,18000,26.27737
2009-02-25,3.15,3.32,3.02,3.09,15800,28.19343
2009-02-24,3.11,3.16,3.04,3.16,14900,28.832121
2009-02-23,3.21,3.27,3.02,3.07,16300,28.01095
2009-02-20,3.17,3.29,3.08,3.19,10600,29.105841
2009-02-19,3.45,3.45,3.16,3.20,20200,29.197081
2009-02-18,3.00,3.40,2.94,3.38,29200,30.83942
2009-02-17,2.92,3.11,2.90,2.96,15400,27.007299
2009-02-13,2.909999,3.12,2.85,3.030001,11500,27.64599
2009-02-12,2.84,2.94,2.80,2.92,11300,26.64234
2009-02-11,2.86,3.00,2.78,2.88,12700,26.27737
2009-02-10,3.05,3.05,2.80,2.85,22000,26.003651
2009-02-09,2.92,3.15,2.92,3.06,20100,27.91971
2009-02-06,2.70,3.18,2.70,2.95,33800,26.91606
2009-02-05,2.70,2.72,2.570001,2.669999,14900,24.361309
2009-02-04,2.83,2.98,2.65,2.70,12100,24.63504
2009-02-03,2.70,2.85,2.64,2.82,23700,25.729931
2009-02-02,2.53,2.690001,2.50,2.63,26300,23.996349
2009-01-30,3.06,3.24,2.50,2.55,46100,23.26642
2009-01-29,2.62,3.43,2.62,3.04,38400,27.73723
2009-01-28,2.48,2.669999,2.38,2.64,28600,24.087589
2009-01-27,2.50,2.53,2.30,2.449999,29500,22.35401
2009-01-26,2.58,2.59,2.449999,2.48,19800,22.627741
2009-01-23,2.62,2.70,2.50,2.570001,24100,23.44891
2009-01-22,2.99,2.99,2.60,2.70,11900,24.63504
2009-01-21,2.68,2.99,2.68,2.75,19300,25.09124
2009-01-20,2.95,3.07,2.65,2.65,22500,24.178829
2009-01-16,3.030001,3.27,2.92,3.00,15800,27.372259
2009-01-15,3.12,3.20,2.80,3.01,20300,27.463499
2009-01-14,2.93,3.15,2.93,3.10,13300,28.28467
2009-01-13,3.08,3.25,3.00,3.04,17200,27.73723
2009-01-12,3.29,3.45,3.00,3.09,15800,28.19343
2009-01-09,3.370001,3.52,3.28,3.30,15500,30.109489
2009-01-08,3.65,3.82,3.39,3.47,25900,31.66058
2009-01-07,4.22,4.22,3.75,3.76,22200,34.306568
2009-01-06,4.49,4.49,4.180001,4.290001,20700,39.142342
2009-01-05,4.60,4.60,4.33,4.46,13400,40.693432
2009-01-02,4.50,4.65,4.39,4.53,15100,41.332119
2008-12-31,4.51,4.55,4.35,4.40,19800,40.145988
2008-12-30,4.50,4.50,4.300001,4.49,16500,40.967152
2008-12-29,4.609999,4.609999,4.300001,4.46,26100,40.693432
2008-12-26,4.64,4.71,4.45,4.64,5600,42.33577
2008-12-24,4.60,4.66,4.51,4.609999,2400,42.062038
2008-12-23,4.70,4.71,4.50,4.58,9800,41.788319
2008-12-22,4.72,4.87,4.25,4.609999,11100,42.062038
2008-12-19,4.99,5.10,4.50,4.71,28800,42.974449
2008-12-18,4.49,4.849999,4.43,4.75,14700,43.33942
2008-12-17,4.43,4.53,4.31,4.52,12600,41.240879
2008-12-16,4.26,4.50,4.02,4.48,16800,40.875912
2008-12-15,4.21,4.43,3.95,4.20,24300,38.321171
2008-12-12,4.40,4.71,4.24,4.71,13100,42.974449
2008-12-11,4.72,4.91,4.56,4.60,11800,41.970799
2008-12-10,4.58,4.849999,4.44,4.78,8200,43.61314
2008-12-09,4.48,4.79,4.300001,4.53,13100,41.332119
2008-12-08,4.24,4.48,4.10,4.48,20100,40.875912
2008-12-05,4.50,4.50,3.98,4.13,25600,37.68248
2008-12-04,4.69,4.99,4.34,4.55,10500,41.514599
2008-12-03,4.279999,4.80,4.26,4.740001,10700,43.24818
2008-12-02,4.159999,4.40,3.97,4.40,9300,40.145988
2008-12-01,4.67,4.78,3.95,4.09,19700,37.31752
2008-11-28,4.81,4.81,3.600001,4.81,3900,43.88686
2008-11-26,4.40,4.90,4.300001,4.89,17300,44.616791
2008-11-25,3.54,4.72,3.33,4.50,35000,41.058392
2008-11-24,3.919999,4.50,3.78,4.49,34400,40.967152
2008-11-21,3.479999,3.99,3.23,3.919999,27900,35.766418
2008-11-20,3.22,3.91,3.00,3.43,51500,31.29562
2008-11-19,3.600001,3.98,3.17,3.27,38300,29.83577
2008-11-18,2.74,3.79,2.72,3.44,38500,31.38686
2008-11-17,2.31,2.909999,2.31,2.72,33600,24.81752
2008-11-14,2.80,2.80,2.25,2.25,52400,20.5292
2008-11-13,3.04,3.20,2.62,2.80,39000,25.547449
2008-11-12,3.19,3.19,3.00,3.02,13400,27.554741
2008-11-11,3.50,3.58,3.20,3.22,14500,29.37956
2008-11-10,3.72,3.76,3.47,3.51,13400,32.025551
2008-11-07,3.919999,3.940001,3.41,3.63,34800,33.120441
2008-11-06,4.10,4.51,3.76,3.88,16600,35.401459
2008-11-05,4.31,4.69,4.159999,4.170001,24700,38.047451
2008-11-04,4.38,4.50,4.00,4.25,12600,38.77737
2008-11-03,4.01,4.32,3.929999,4.170001,17400,38.047451
2008-10-31,3.66,4.03,3.52,4.03,14200,36.770069
2008-10-30,3.49,3.69,3.18,3.67,35200,33.485401
2008-10-29,3.56,3.600001,3.25,3.39,18600,30.93066
2008-10-28,3.46,4.060001,3.20,3.479999,21300,31.75182
2008-10-27,3.64,4.07,3.26,3.41,99000,31.11314
2008-10-24,3.610001,3.99,3.54,3.70,18000,33.759121
2008-10-23,3.88,4.00,3.65,3.84,18700,35.036499
2008-10-22,3.95,4.20,3.83,3.84,13800,35.036499
2008-10-21,4.44,4.44,3.96,4.039999,18400,36.861309
2008-10-20,4.42,4.49,4.01,4.300001,15300,39.233582
2008-10-17,4.37,4.60,4.01,4.26,17400,38.86861
2008-10-16,4.00,4.729999,3.81,4.50,24900,41.058392
2008-10-15,4.87,5.05,4.00,4.08,33300,37.22628
2008-10-14,5.39,5.59,4.619999,4.84,25900,44.16058
2008-10-13,4.50,5.19,4.49,5.18,12200,47.262772
2008-10-10,4.729999,4.89,4.31,4.50,45500,41.058392
2008-10-09,5.25,5.649999,4.84,4.94,33600,45.07299
2008-10-08,5.09,5.44,4.80,5.15,59600,46.989052
2008-10-07,6.08,6.09,5.00,5.07,24300,46.259121
2008-10-06,6.29,6.29,5.51,5.97,40500,54.470799
2008-10-03,6.110001,6.64,6.02,6.39,15300,58.302921
2008-10-02,6.31,6.36,5.81,6.01,15700,54.83577
2008-10-01,6.13,6.47,6.05,6.33,11700,57.75547
2008-09-30,6.219999,6.59,5.91,6.05,19800,55.200729
2008-09-29,6.83,7.00,6.00,6.17,21100,56.29562
2008-09-26,6.74,7.00,6.74,6.899999,13200,62.9562
2008-09-25,6.779999,7.00,6.779999,6.899999,12200,62.9562
2008-09-24,6.99,7.030001,6.71,6.71,18300,61.22263
2008-09-23,6.96,7.00,6.95,6.99,19300,63.777371
2008-09-22,7.00,7.01,6.899999,6.97,12100,63.594891
2008-09-19,7.35,7.35,6.76,7.019999,68700,64.051086
2008-09-18,6.95,7.05,6.62,7.00,77100,63.86861
2008-09-17,6.89,6.95,6.50,6.85,22600,62.50
2008-09-16,6.32,7.019999,6.18,6.98,30500,63.686131
2008-09-15,6.60,6.94,6.42,6.46,13400,58.941608
2008-09-12,6.38,6.87,6.350001,6.73,16700,61.405109
2008-09-11,6.60,6.669999,6.350001,6.63,27000,60.492699
2008-09-10,6.64,6.95,6.38,6.680001,20900,60.94891
2008-09-09,6.49,6.659999,6.37,6.47,18000,59.032848
2008-09-08,6.60,6.75,6.40,6.46,15600,58.941608
2008-09-05,6.55,6.55,6.25,6.42,12300,58.576641
2008-09-04,6.77,6.77,6.44,6.55,20800,59.762772
2008-09-03,6.910001,7.00,6.52,6.83,20000,62.31752
2008-09-02,7.00,7.00,6.81,6.899999,11800,62.9562
2008-08-29,6.95,7.00,6.82,6.87,14200,62.68248
2008-08-28,7.00,7.00,6.84,6.96,12000,63.503651
2008-08-27,7.00,7.05,6.93,6.99,26500,63.777371
2008-08-26,7.00,7.01,6.920001,6.99,11500,63.777371
2008-08-25,6.94,7.019999,6.89,7.00,29400,63.86861
2008-08-22,6.76,7.00,6.63,6.81,12800,62.13504
2008-08-21,6.70,6.70,6.41,6.61,10700,60.310219
2008-08-20,6.74,6.76,6.60,6.73,9800,61.405109
2008-08-19,6.899999,6.95,6.60,6.72,10700,61.31387
2008-08-18,6.99,7.00,6.94,6.98,11500,63.686131
2008-08-15,7.00,7.05,6.82,6.99,18000,63.777371
2008-08-14,6.97,7.030001,6.899999,7.00,21900,63.86861
2008-08-13,7.00,7.019999,6.95,6.98,9400,63.686131
2008-08-12,7.00,7.14,6.96,6.99,25200,63.777371
2008-08-11,7.01,7.35,6.85,7.09,28400,64.689781
2008-08-08,7.019999,7.260001,6.87,7.00,22000,63.86861
2008-08-07,6.899999,7.019999,6.76,7.00,12300,63.86861
2008-08-06,7.030001,7.229999,6.60,6.93,15500,63.229931
2008-08-05,6.85,7.13,6.27,7.030001,33500,64.142342
2008-08-04,7.15,7.280001,6.50,6.70,42700,61.13139
2008-08-01,7.12,7.12,6.800001,6.98,10600,63.686131
2008-07-31,7.19,7.260001,6.899999,7.14,30500,65.145989
2008-07-30,7.51,7.850001,7.20,7.260001,16400,66.240883
2008-07-29,7.37,7.789999,7.36,7.51,14700,68.521896
2008-07-28,7.10,7.99,7.09,7.36,33700,67.153282
2008-07-25,6.75,7.50,6.75,7.20,39200,65.693428
2008-07-24,6.39,6.76,6.099999,6.63,10300,60.492699
2008-07-23,6.20,6.75,6.20,6.36,22000,58.029202
2008-07-22,5.70,6.20,5.70,6.20,17200,56.56934
2008-07-21,5.90,5.90,5.50,5.80,9300,52.919708
2008-07-18,6.04,6.09,5.68,5.87,8500,53.558392
2008-07-17,5.84,6.219999,5.74,6.09,14600,55.565689
2008-07-16,5.35,5.86,5.15,5.82,19600,53.102188
2008-07-15,5.23,5.49,4.90,5.33,12700,48.63139
2008-07-14,5.419999,5.45,5.12,5.310001,12800,48.44891
2008-07-11,4.94,5.40,4.94,5.39,14900,49.178829
2008-07-10,4.88,5.19,4.88,4.99,7400,45.529202
2008-07-09,5.310001,5.32,4.89,4.89,22100,44.616791
2008-07-08,4.87,5.40,4.75,5.25,15400,47.901459
2008-07-07,4.90,4.95,4.63,4.849999,9900,44.25182
2008-07-03,4.90,4.92,4.63,4.860001,8100,44.343071
2008-07-02,5.21,5.21,4.849999,4.89,13500,44.616791
2008-07-01,5.28,5.68,4.95,5.22,14900,47.627739
2008-06-30,5.80,5.989999,5.36,5.36,15600,48.905109
2008-06-27,5.45,6.51,4.849999,5.79,113100,52.828468
2008-06-26,5.74,5.94,5.36,5.44,11600,49.63504
2008-06-25,5.50,6.29,5.50,5.90,16600,53.832119
2008-06-24,5.76,5.83,5.48,5.48,7300,50.00
2008-06-23,6.04,6.07,5.83,5.83,12900,53.193432
2008-06-20,6.37,6.38,6.00,6.02,24400,54.92701
2008-06-19,6.20,6.50,6.19,6.30,30600,57.481751
2008-06-18,5.61,6.26,5.33,6.17,34600,56.29562
2008-06-17,5.44,5.58,5.14,5.58,19200,50.912411
2008-06-16,5.24,5.34,5.12,5.34,11100,48.72263
2008-06-13,5.10,5.27,5.03,5.27,15000,48.083939
2008-06-12,5.10,5.28,5.00,5.07,11000,46.259121
2008-06-11,5.299999,5.33,5.00,5.05,10600,46.076641
2008-06-10,5.18,5.44,5.07,5.299999,13800,48.357658
2008-06-09,5.00,5.21,4.95,5.17,11700,47.171532
2008-06-06,5.19,5.40,4.94,4.94,15800,45.07299
2008-06-05,5.12,5.26,5.05,5.24,15300,47.810219
2008-06-04,4.88,5.06,4.849999,5.04,14200,45.985401
2008-06-03,4.970001,5.11,4.860001,4.88,14300,44.525551
2008-06-02,5.27,5.28,4.91,4.94,29200,45.07299
2008-05-30,5.49,5.49,5.14,5.27,33200,48.083939
2008-05-29,5.00,5.64,4.87,5.49,33600,50.09124
2008-05-28,4.87,5.06,4.79,4.970001,13400,45.346722
2008-05-27,4.77,4.92,4.71,4.82,13900,43.9781
2008-05-23,4.95,5.00,4.75,4.79,12900,43.70438
2008-05-22,4.96,5.06,4.76,4.96,19600,45.25547
2008-05-21,5.660001,5.79,4.89,4.96,48900,45.25547
2008-05-20,5.28,5.92,5.12,5.660001,30300,51.642342
2008-05-19,5.21,5.34,5.11,5.21,22100,47.536499
2008-05-16,5.299999,5.299999,4.92,5.23,31100,47.718979
2008-05-15,4.90,5.20,4.83,5.14,38400,46.897812
2008-05-14,4.72,4.970001,4.63,4.90,50000,44.708031
2008-05-13,4.80,4.81,4.60,4.68,25000,42.700729
2008-05-12,4.75,4.83,4.609999,4.80,42500,43.79562
2008-05-09,4.90,4.94,4.58,4.75,52400,43.33942
2008-05-08,5.09,5.10,4.849999,4.91,43200,44.799271
2008-05-07,5.61,5.61,4.69,5.01,95400,45.711681
2008-05-06,6.47,6.52,5.529999,5.550001,106600,50.638691
2008-05-05,7.00,7.09,6.53,6.63,29500,60.492699
2008-05-02,7.00,7.250001,6.85,6.94,21800,63.321171
2008-05-01,6.899999,7.20,6.899999,6.96,26800,63.503651
2008-04-30,7.35,7.40,6.72,6.81,30700,62.13504
2008-04-29,7.08,8.01,7.08,7.31,36800,66.697083
2008-04-28,6.669999,7.250001,6.33,7.07,34800,64.507301
2008-04-25,6.46,6.83,6.30,6.53,15200,59.580292
2008-04-24,6.46,6.70,6.42,6.45,27200,58.850361
2008-04-23,6.46,6.50,6.42,6.44,18900,58.759121
2008-04-22,6.51,6.75,6.28,6.45,20400,58.850361
2008-04-21,6.63,6.669999,6.45,6.56,16300,59.854012
2008-04-18,6.70,6.899999,6.57,6.70,29400,61.13139
2008-04-17,6.43,6.75,6.41,6.58,23200,60.036499
2008-04-16,6.19,6.680001,6.14,6.40,32900,58.394161
2008-04-15,6.00,6.25,5.92,6.110001,26100,55.74818
2008-04-14,6.55,6.55,5.80,5.93,63800,54.105839
2008-04-11,7.43,7.50,6.60,6.60,32800,60.218979
2008-04-10,7.39,7.70,7.280001,7.42,27500,67.700729
2008-04-09,7.67,7.799999,7.250001,7.38,27400,67.33577
2008-04-08,7.08,7.55,7.00,7.49,18100,68.339417
2008-04-07,7.250001,7.40,6.85,7.12,30300,64.963501
2008-04-04,7.41,7.41,6.27,6.93,80200,63.229931
2008-04-03,6.20,6.75,6.00,6.73,15000,61.405109
2008-04-02,6.00,6.30,5.80,6.28,24700,57.299271
2008-04-01,5.92,6.07,5.75,5.88,27200,53.649639
2008-03-31,6.17,6.32,5.84,5.92,28800,54.014599
2008-03-28,5.87,6.20,5.87,5.97,25300,54.470799
2008-03-27,5.85,6.30,5.68,5.85,37400,53.375912
2008-03-26,5.68,6.08,5.44,5.72,43900,52.189781
2008-03-25,5.49,5.550001,5.27,5.540001,72700,50.547451
2008-03-24,4.48,5.86,4.48,5.49,118900,50.09124
2008-03-20,4.40,4.75,4.26,4.48,138700,40.875912
2008-03-19,3.70,4.48,3.65,4.300001,88300,39.233582
2008-03-18,3.74,3.75,3.50,3.67,62600,33.485401
2008-03-17,3.57,3.68,3.47,3.56,63500,32.481751
2008-03-14,3.80,3.82,3.600001,3.69,63200,33.667881
2008-03-13,3.70,3.80,3.600001,3.610001,98400,32.937962
2008-03-12,3.74,3.97,3.68,3.78,60100,34.489052
2008-03-11,3.79,3.82,3.370001,3.479999,71000,31.75182
2008-03-10,4.03,4.03,3.53,3.610001,38600,32.937962
2008-03-07,4.00,4.07,3.75,3.82,124600,34.854012
2008-03-06,4.10,4.21,3.96,4.00,48400,36.496349
2008-03-05,3.91,4.049999,3.79,4.00,82900,36.496349
2008-03-04,3.97,4.03,3.76,3.90,109900,35.583939
2008-03-03,5.61,5.61,3.62,4.00,314900,36.496349
2008-02-29,6.01,6.21,5.68,5.77,53200,52.645989
2008-02-28,6.40,6.53,6.04,6.05,41400,55.200729
2008-02-27,6.53,6.65,6.40,6.40,20900,58.394161
2008-02-26,6.61,6.88,6.54,6.60,27900,60.218979
2008-02-25,6.32,6.82,6.32,6.669999,35200,60.857658
2008-02-22,6.48,6.669999,6.27,6.350001,24000,57.937962
2008-02-21,7.00,7.00,6.47,6.48,23700,59.124088
2008-02-20,6.87,7.00,6.69,6.87,16300,62.68248
2008-02-19,6.77,6.97,6.77,6.82,17500,62.22628
2008-02-15,6.71,7.00,6.64,6.65,41800,60.675179
2008-02-14,7.250001,7.35,6.75,6.75,37800,61.587589
2008-02-13,6.87,7.239999,6.87,7.20,30300,65.693428
2008-02-12,6.83,6.94,6.669999,6.789999,16000,61.952549
2008-02-11,6.800001,6.99,6.72,6.779999,17600,61.861309
2008-02-08,6.800001,6.98,6.62,6.74,25500,61.496349
2008-02-07,6.69,6.910001,6.680001,6.789999,29500,61.952549
2008-02-06,6.920001,7.040001,6.73,6.74,18400,61.496349
2008-02-05,6.899999,7.08,6.800001,6.86,32000,62.59124
2008-02-04,7.36,7.63,6.96,6.96,44800,63.503651
2008-02-01,7.07,7.44,7.00,7.41,64700,67.609489
2008-01-31,6.75,7.11,6.59,6.98,49600,63.686131
2008-01-30,6.95,7.00,6.75,6.800001,54500,62.0438
2008-01-29,7.06,7.13,6.88,6.95,31300,63.412411
2008-01-28,7.10,7.250001,6.89,7.00,44800,63.86861
2008-01-25,7.45,7.55,7.08,7.11,34100,64.872261
2008-01-24,7.50,7.58,7.12,7.29,71600,66.514603
2008-01-23,7.35,8.25,6.899999,7.43,130600,67.791969
2008-01-22,7.65,7.78,6.85,7.54,156200,68.795624
2008-01-18,8.46,8.650001,7.48,7.49,145300,68.339417
2008-01-17,8.86,9.179999,8.31,8.47,81800,77.281021
2008-01-16,8.50,9.50,8.070001,8.839999,252900,80.656929
2008-01-15,11.339999,11.45,10.98,11.390001,40800,103.923363
2008-01-14,11.27,11.81,11.009999,11.48,36400,104.74453
2008-01-11,11.05,11.579999,10.910001,11.129999,28100,101.551087
2008-01-10,10.75,11.22,10.529999,11.119999,22200,101.459847
2008-01-09,11.00,11.140001,10.559999,10.90,30200,99.452553
2008-01-08,11.04,11.41,10.830001,11.00,30100,100.36496
2008-01-07,11.380001,11.48,10.779999,11.009999,42000,100.4562
2008-01-04,11.16,11.63,10.95,11.26,48700,102.737228
2008-01-03,12.04,12.11,11.150001,11.31,63700,103.193428
2008-01-02,12.23,12.57,11.950001,12.170001,33700,111.040154
2007-12-31,12.53,12.67,11.899999,12.22,29700,111.496353
2007-12-28,12.29,12.92,12.29,12.53,26900,114.324822
2007-12-27,12.87,12.99,12.280001,12.31,43200,112.31752
2007-12-26,12.719999,13.299999,12.53,12.85,32000,117.24453
2007-12-24,12.949999,13.12,12.93,13.00,18600,118.613136
2007-12-21,13.10,13.10,12.63,12.949999,47000,118.156929
2007-12-20,13.289999,13.36,12.80,12.90,22500,117.700729
2007-12-19,13.310001,13.41,13.080001,13.17,14000,120.16423
2007-12-18,12.97,13.34,12.94,13.279999,26800,121.167877
2007-12-17,13.320001,13.550001,12.80,12.85,28600,117.24453
2007-12-14,13.79,13.92,13.39,13.41,16600,122.354012
2007-12-13,14.120001,14.14,13.82,13.90,16400,126.824822
2007-12-12,14.13,14.330001,13.839999,14.209999,25500,129.653275
2007-12-11,14.079999,14.48,13.66,13.77,23200,125.638687
2007-12-10,14.719999,14.719999,13.92,14.04,25500,128.102188
2007-12-07,14.560001,14.719999,14.509999,14.63,15700,133.485397
2007-12-06,14.02,14.509999,13.99,14.50,25600,132.299271
2007-12-05,13.99,14.18,13.82,14.09,18400,128.558395
2007-12-04,13.97,14.120001,13.82,13.82,18300,126.094887
2007-12-03,13.67,14.45,13.66,14.079999,48800,128.467148
2007-11-30,13.570001,13.82,13.330001,13.49,58500,123.083939
2007-11-29,13.22,13.70,13.22,13.39,34700,122.171532
2007-11-28,13.00,13.67,13.00,13.299999,42700,121.350357
2007-11-27,12.92,13.02,12.58,12.88,18600,117.51825
2007-11-26,12.40,12.89,12.40,12.89,25500,117.60949
2007-11-23,12.39,12.499999,12.09,12.37,7000,112.86496
2007-11-21,12.40,12.499999,12.12,12.32,22700,112.40876
2007-11-20,12.85,12.87,12.05,12.479999,40500,113.868607
2007-11-19,13.03,13.06,12.719999,12.84,27600,117.153282
2007-11-16,13.10,13.17,12.61,13.14,23600,119.890511
2007-11-15,13.26,13.26,12.91,13.07,44800,119.251824
2007-11-14,13.04,13.35,12.85,13.330001,32400,121.624092
2007-11-13,12.750001,13.03,12.740001,13.02,30900,118.795624
2007-11-12,13.10,13.41,12.60,12.68,44800,115.693428
2007-11-09,13.70,13.70,12.54,13.04,133200,118.978104
2007-11-08,14.46,14.47,13.45,13.560001,92600,123.722633
2007-11-07,14.900001,15.05,14.45,14.52,44000,132.481751
2007-11-06,15.150001,15.239999,14.649999,14.969999,31100,136.587586
2007-11-05,14.93,15.50,14.900001,15.09,41300,137.68248
2007-11-02,15.00,15.239999,14.68,15.07,17800,137.50
2007-11-01,15.21,15.50,14.509999,14.580001,43000,133.029205
2007-10-31,15.199999,15.75,15.100001,15.400001,33300,140.510956
2007-10-30,15.859999,16.00,15.039999,15.16,43400,138.321167
2007-10-29,16.270001,16.88,15.67,15.899999,58900,145.072983
2007-10-26,15.789999,16.429999,15.52,16.10,48700,146.897812
2007-10-25,15.37,16.10,15.199999,15.55,51600,141.879562
2007-10-24,14.920001,15.71,14.66,15.27,68800,139.324814
2007-10-23,14.330001,15.00,14.280001,14.969999,31000,136.587586
2007-10-22,13.66,14.260001,13.519999,14.18,20600,129.379562
2007-10-19,13.90,13.99,13.650001,13.70,31200,125.00
2007-10-18,13.80,14.25,13.61,13.92,40900,127.007301
2007-10-17,13.540001,14.14,13.540001,14.11,46700,128.740875
2007-10-16,13.310001,13.550001,13.17,13.41,38200,122.354012
2007-10-15,13.97,14.030001,13.09,13.269999,45000,121.076637
2007-10-12,14.169999,14.20,13.96,14.01,15400,127.828468
2007-10-11,14.66,14.98,13.90,14.09,25600,128.558395
2007-10-10,14.759999,14.779999,14.25,14.64,29000,133.576645
2007-10-09,15.289999,15.360001,14.45,14.73,68500,134.397812
2007-10-08,15.25,15.50,14.73,15.309999,28600,139.689774
2007-10-05,15.009999,15.289999,14.779999,15.219999,29400,138.868607
2007-10-04,14.77,14.80,14.46,14.75,34300,134.580292
2007-10-03,14.399999,14.790001,14.18,14.70,42100,134.124085
2007-10-02,14.39,14.399999,14.06,14.25,20400,130.01825
2007-10-01,13.839999,14.87,13.74,14.350001,62800,130.930664
2007-09-28,13.95,14.07,13.560001,13.79,39000,125.821167
2007-09-27,13.22,13.92,13.22,13.73,21700,125.27372
2007-09-26,12.94,13.299999,12.86,13.21,26400,120.529198
2007-09-25,12.750001,13.06,12.730001,12.89,21400,117.60949
2007-09-24,12.85,13.04,12.62,12.85,21500,117.24453
2007-09-21,12.62,12.93,12.42,12.87,36800,117.42701
2007-09-20,12.99,13.03,12.45,12.499999,31300,114.051087
2007-09-19,12.78,13.20,12.58,12.98,28200,118.430657
2007-09-18,12.35,12.66,11.99,12.63,36200,115.237228
2007-09-17,12.41,12.510001,12.13,12.29,29900,112.13504
2007-09-14,12.499999,12.56,12.11,12.499999,30400,114.051087
2007-09-13,12.750001,13.269999,12.53,12.54,30300,114.416061
2007-09-12,12.750001,13.02,12.64,12.79,42500,116.697083
2007-09-11,12.68,13.299999,12.68,12.80,58700,116.788323
2007-09-10,12.91,12.97,12.59,12.719999,19800,116.058388
2007-09-07,12.719999,13.03,12.70,12.80,12700,116.788323
2007-09-06,13.21,13.21,12.78,13.02,12800,118.795624
2007-09-05,12.89,13.07,12.750001,12.86,14100,117.33577
2007-09-04,13.20,13.44,12.97,13.01,16400,118.704376
2007-08-31,13.50,13.50,13.05,13.23,12800,120.711678
2007-08-30,13.11,13.46,13.07,13.24,6200,120.802918
2007-08-29,12.88,13.279999,12.750001,13.26,22700,120.985397
2007-08-28,12.87,13.00,12.760001,12.78,15200,116.605843
2007-08-27,12.97,13.20,12.91,13.01,13400,118.704376
2007-08-24,13.10,13.24,12.79,12.99,27700,118.521896
2007-08-23,13.18,13.21,13.05,13.11,10300,119.616791
2007-08-22,13.320001,13.550001,12.97,13.09,25500,119.434311
2007-08-21,13.23,13.45,12.91,13.10,17800,119.525551
2007-08-20,13.49,13.560001,12.96,13.23,22100,120.711678
2007-08-17,13.99,14.06,13.24,13.46,32700,122.810219
2007-08-16,13.14,13.45,13.00,13.45,69800,122.718979
2007-08-15,13.279999,13.64,13.13,13.35,31000,121.806572
2007-08-14,13.45,13.80,13.24,13.43,30100,122.536499
2007-08-13,14.25,14.45,13.07,13.59,51500,123.996353
2007-08-10,13.869999,14.91,13.849999,14.030001,73800,128.010956
2007-08-09,13.20,15.769999,13.20,14.350001,168600,130.930664
2007-08-08,14.98,15.769999,14.649999,15.00,121800,136.861313
2007-08-07,13.95,15.03,13.95,14.84,88300,135.401459
2007-08-06,13.749999,14.34,13.749999,14.00,50300,127.737228
2007-08-03,13.47,14.14,13.289999,13.72,61000,125.18248
2007-08-02,12.96,13.46,12.78,13.45,25900,122.718979
2007-08-01,13.00,13.080001,12.78,12.90,29300,117.700729
2007-07-31,13.14,13.60,13.00,13.05,30600,119.069344
2007-07-30,12.84,13.00,12.499999,12.98,26900,118.430657
2007-07-27,13.10,13.24,12.70,12.81,38900,116.879562
2007-07-26,13.46,13.46,12.93,13.12,35400,119.708031
2007-07-25,13.25,13.560001,13.16,13.50,53500,123.175179
2007-07-24,13.66,13.67,13.02,13.15,49700,119.981751
2007-07-23,14.030001,14.13,13.60,13.80,35800,125.912407
2007-07-20,13.890001,14.16,13.80,13.95,44100,127.281021
2007-07-19,14.45,14.47,13.859999,13.94,44100,127.189781
2007-07-18,14.11,14.43,14.050001,14.370001,39800,131.113144
2007-07-17,13.80,14.41,13.80,14.220001,65600,129.744537
2007-07-16,13.46,13.93,13.299999,13.890001,52100,126.733582
2007-07-13,13.36,13.70,13.25,13.47,27000,122.901459
2007-07-12,12.81,13.330001,12.68,13.330001,28700,121.624092
2007-07-11,12.70,12.82,12.499999,12.70,18400,115.875908
2007-07-10,13.15,13.19,12.70,12.70,17300,115.875908
2007-07-09,13.650001,13.71,13.23,13.279999,20000,121.167877
2007-07-06,13.749999,13.829999,13.45,13.570001,14100,123.813873
2007-07-05,13.60,13.74,13.40,13.71,21800,125.09124
2007-07-03,13.650001,13.67,13.47,13.67,14600,124.72628
2007-07-02,13.20,13.63,13.13,13.540001,34100,123.540154
2007-06-29,12.949999,13.550001,12.83,13.06,33600,119.160584
2007-06-28,12.36,12.94,12.36,12.82,35800,116.970802
2007-06-27,12.43,12.59,12.30,12.40,19000,113.138687
2007-06-26,12.32,12.69,12.23,12.59,27500,114.872261
2007-06-25,12.22,12.43,12.160001,12.24,20900,111.678833
2007-06-22,12.34,12.499999,12.08,12.22,27100,111.496353
2007-06-21,12.27,12.55,12.200001,12.37,39300,112.86496
2007-06-20,12.160001,12.499999,12.12,12.31,61000,112.31752
2007-06-19,11.929999,12.27,11.929999,12.10,12000,110.401459
2007-06-18,11.84,12.149999,11.84,12.00,15600,109.489052
2007-06-15,12.180001,12.200001,11.76,11.79,28000,107.57299
2007-06-14,11.70,12.05,11.65,12.03,20200,109.762772
2007-06-13,11.57,11.78,11.51,11.74,9600,107.116791
2007-06-12,12.00,12.00,11.50,11.52,19100,105.10949
2007-06-11,12.01,12.200001,11.87,11.98,13900,109.306572
2007-06-08,11.74,12.170001,11.62,12.00,18600,109.489052
2007-06-07,11.940001,12.25,11.74,11.78,20700,107.481751
2007-06-06,12.25,12.29,11.899999,12.05,25000,109.945259
2007-06-05,12.459999,12.459999,12.160001,12.31,18400,112.31752
2007-06-04,12.07,12.70,11.98,12.55,34000,114.507301
2007-06-01,12.139999,12.180001,11.88,12.13,20000,110.675179
2007-05-31,12.06,12.170001,11.97,12.04,13000,109.854012
2007-05-30,11.87,12.190001,11.47,12.06,31000,110.036499
2007-05-29,12.05,12.149999,11.97,12.00,8800,109.489052
2007-05-25,11.74,12.10,11.710001,12.03,15100,109.762772
2007-05-24,12.13,12.379999,11.61,11.64,16400,106.204376
2007-05-23,12.29,12.34,12.13,12.139999,19200,110.766419
2007-05-22,11.78,12.30,11.78,12.180001,22000,111.131394
2007-05-21,11.82,12.01,11.67,11.77,19300,107.390511
2007-05-18,11.47,11.86,11.370001,11.81,18300,107.75547
2007-05-17,11.75,11.82,11.42,11.43,17600,104.288323
2007-05-16,11.360001,11.84,11.360001,11.80,36000,107.66423
2007-05-15,11.23,11.47,11.20,11.349999,35600,103.558388
2007-05-14,11.129999,11.25,11.00,11.22,36400,102.372261
2007-05-11,10.769999,11.16,10.75,11.16,21400,101.824822
2007-05-10,11.360001,11.360001,10.590001,10.86,31400,99.087593
2007-05-09,10.50,11.940001,10.30,11.390001,96600,103.923363
2007-05-08,10.65,10.65,10.11,10.47,31700,95.529198
2007-05-07,10.63,10.810001,10.570001,10.590001,31500,96.624092
2007-05-04,10.40,10.73,10.27,10.63,28100,96.989052
2007-05-03,9.95,10.99,9.95,10.25,75000,93.521896
2007-05-02,10.18,10.28,9.96,10.16,85100,92.700729
2007-05-01,10.40,10.60,10.12,10.209999,56900,93.156929
2007-04-30,10.85,11.03,10.38,10.41,32700,94.981751
2007-04-27,11.08,11.23,10.820001,10.820001,34600,98.722633
2007-04-26,11.49,11.53,11.109999,11.19,24500,102.098541
2007-04-25,11.60,11.66,11.50,11.53,26400,105.200729
2007-04-24,11.909999,11.960001,11.30,11.50,36100,104.92701
2007-04-23,11.64,11.940001,11.55,11.85,24600,108.120438
2007-04-20,11.18,11.68,11.18,11.64,32800,106.204376
2007-04-19,11.380001,11.579999,11.08,11.18,28400,102.007301
2007-04-18,11.43,11.52,11.370001,11.41,18000,104.105843
2007-04-17,11.49,11.66,11.41,11.48,38400,104.74453
2007-04-16,11.43,11.74,11.360001,11.50,34000,104.92701
2007-04-13,11.56,11.63,11.140001,11.339999,25200,103.467148
2007-04-12,11.24,11.710001,11.23,11.59,45100,105.748177
2007-04-11,11.56,11.579999,10.92,11.31,30100,103.193428
2007-04-10,11.61,11.69,11.50,11.579999,7800,105.656929
2007-04-09,11.909999,11.909999,11.50,11.57,24600,105.565689
2007-04-05,11.77,11.909999,11.68,11.85,17500,108.120438
2007-04-04,11.85,11.86,11.67,11.75,18900,107.208031
2007-04-03,12.05,12.05,11.67,11.79,51800,107.57299
2007-04-02,11.88,11.97,11.30,11.55,44700,105.383209
2007-03-30,12.190001,12.37,11.87,11.899999,65300,108.576637
2007-03-29,12.00,12.32,11.72,12.200001,24000,111.313873
2007-03-28,11.899999,12.10,11.899999,11.899999,23000,108.576637
2007-03-27,11.919999,12.07,11.85,11.97,27100,109.215332
2007-03-26,12.32,12.32,11.85,11.99,38900,109.397812
2007-03-23,12.00,12.40,11.99,12.26,21000,111.861313
2007-03-22,12.35,12.35,12.00,12.05,26300,109.945259
2007-03-21,12.23,12.62,12.06,12.45,28700,113.594887
2007-03-20,11.380001,12.42,11.30,12.180001,71800,111.131394
2007-03-19,11.47,11.59,11.109999,11.360001,40900,103.649643
2007-03-16,10.910001,11.48,10.910001,11.42,44700,104.197083
2007-03-15,10.71,10.97,10.71,10.92,20400,99.63504
2007-03-14,10.52,10.71,10.09,10.69,24600,97.536499
2007-03-13,10.73,10.790001,10.50,10.559999,19800,96.350357
2007-03-12,10.97,11.00,10.67,10.790001,12700,98.448914
2007-03-09,11.129999,11.150001,10.69,10.95,19300,99.90876
2007-03-08,11.00,11.06,10.800001,11.02,18600,100.547447
2007-03-07,11.05,11.17,10.85,10.89,22300,99.361313
2007-03-06,11.06,11.43,10.92,11.109999,28400,101.368607
2007-03-05,10.98,11.16,10.69,10.96,35400,100.00
2007-03-02,11.089999,11.78,10.98,11.00,56400,100.36496
2007-03-01,11.349999,11.64,11.00,11.18,26900,102.007301
2007-02-28,11.26,11.75,11.23,11.51,36900,105.01825
2007-02-27,12.00,12.00,11.07,11.28,43600,102.919708
2007-02-26,12.31,12.31,11.950001,12.02,20000,109.671532
2007-02-23,12.760001,12.760001,12.06,12.31,28700,112.31752
2007-02-22,11.85,12.740001,11.74,12.70,94000,115.875908
2007-02-21,11.65,11.67,11.20,11.53,57700,105.200729
2007-02-20,10.94,11.27,10.85,11.24,28100,102.554741
2007-02-16,11.46,11.47,10.96,11.04,40300,100.729927
2007-02-15,11.42,11.50,11.150001,11.46,32300,104.562042
2007-02-14,10.97,11.49,10.95,11.360001,49100,103.649643
2007-02-13,10.36,10.93,10.36,10.910001,32700,99.5438
2007-02-12,10.07,10.39,9.94,10.37,16500,94.616791
2007-02-09,10.19,10.33,9.95,10.020001,16300,91.423363
2007-02-08,10.22,10.41,10.13,10.14,12600,92.51825
2007-02-07,10.31,10.32,10.12,10.24,10100,93.430657
2007-02-06,10.30,10.38,10.13,10.32,15300,94.160584
2007-02-05,10.590001,10.63,10.25,10.25,24300,93.521896
2007-02-02,10.50,10.820001,10.47,10.800001,33800,98.540154
2007-02-01,10.33,10.50,10.25,10.47,22500,95.529198
2007-01-31,10.22,10.44,10.22,10.28,17500,93.795624
2007-01-30,9.770001,10.38,9.770001,10.22,18900,93.248177
2007-01-29,10.000001,10.000001,9.71,9.749999,23200,88.959847
2007-01-26,9.71,9.85,9.66,9.82,24700,89.598541
2007-01-25,9.96,10.04,9.70,9.71,33900,88.594887
2007-01-24,10.22,10.23,9.66,10.010001,30000,91.332123
2007-01-23,9.96,10.25,9.82,10.24,37300,93.430657
2007-01-22,10.000001,10.03,9.83,9.96,25700,90.875908
2007-01-19,9.979999,10.05,9.83,10.000001,31400,91.240883
2007-01-18,10.09,10.15,9.82,10.010001,22500,91.332123
2007-01-17,10.18,10.209999,9.96,10.10,33000,92.153282
2007-01-16,10.779999,10.779999,10.16,10.26,25200,93.613136
2007-01-12,10.44,10.84,10.37,10.779999,20100,98.357658
2007-01-11,9.89,10.529999,9.87,10.43,32700,95.16423
2007-01-10,10.000001,10.020001,9.83,9.84,22600,89.781021
2007-01-09,9.759999,10.15,9.70,10.020001,32700,91.423363
2007-01-08,9.56,9.780001,9.49,9.759999,32700,89.051086
2007-01-05,9.90,9.93,9.53,9.56,22200,87.22628
2007-01-04,9.969999,9.990001,9.79,9.96,32000,90.875908
2007-01-03,10.42,10.42,9.82,9.969999,31700,90.967148
2006-12-29,10.340001,10.42,10.04,10.32,24300,94.160584
2006-12-28,10.49,10.529999,10.25,10.38,14900,94.708031
2006-12-27,10.40,10.70,10.36,10.549999,11900,96.259117
2006-12-26,10.39,10.50,10.32,10.43,12900,95.16423
2006-12-22,10.45,10.45,10.25,10.31,17900,94.069344
2006-12-21,10.45,10.580001,10.35,10.48,15100,95.620438
2006-12-20,10.50,10.60,10.31,10.48,19600,95.620438
2006-12-19,10.93,10.97,10.38,10.50,23400,95.802918
2006-12-18,11.33,11.43,10.94,10.96,18400,100.00
2006-12-15,10.93,11.47,10.92,11.32,46000,103.284668
2006-12-14,10.28,11.009999,10.28,10.95,38100,99.90876
2006-12-13,10.48,10.64,10.19,10.30,18600,93.978104
2006-12-12,10.18,10.45,10.08,10.42,27500,95.07299
2006-12-11,10.30,10.37,10.05,10.12,17800,92.33577
2006-12-08,10.03,10.39,10.020001,10.209999,17800,93.156929
2006-12-07,10.06,10.32,10.000001,10.08,12100,91.970802
2006-12-06,9.89,10.09,9.759999,10.06,15100,91.788323
2006-12-05,10.31,10.38,9.92,9.93,16300,90.602188
2006-12-04,9.94,10.28,9.82,10.22,23400,93.248177
2006-12-01,9.90,9.979999,9.759999,9.88,29200,90.145989
2006-11-30,9.94,10.14,9.729999,9.91,22300,90.419708
2006-11-29,10.08,10.27,9.79,9.969999,23200,90.967148
2006-11-28,9.95,10.010001,9.81,9.969999,24400,90.967148
2006-11-27,10.33,10.36,9.85,10.000001,46500,91.240883
2006-11-24,10.14,10.44,10.14,10.39,8500,94.799271
2006-11-22,10.29,10.50,10.06,10.16,32900,92.700729
2006-11-21,10.85,10.85,10.25,10.32,38000,94.160584
2006-11-20,10.800001,11.19,10.66,10.95,39200,99.90876
2006-11-17,10.590001,10.71,10.39,10.68,18300,97.445259
2006-11-16,10.559999,10.64,10.38,10.590001,18900,96.624092
2006-11-15,10.000001,10.66,10.000001,10.549999,67800,96.259117
2006-11-14,10.18,10.36,9.87,10.000001,45900,91.240883
2006-11-13,10.47,10.64,10.000001,10.05,74100,91.697083
2006-11-10,11.579999,12.00,10.18,10.47,137100,95.529198
2006-11-09,11.75,12.06,11.710001,12.00,51400,109.489052
2006-11-08,11.78,11.88,11.51,11.76,21400,107.299271
2006-11-07,11.30,11.99,11.30,11.82,32400,107.846718
2006-11-06,11.32,11.33,11.17,11.26,31000,102.737228
2006-11-03,11.42,11.579999,11.129999,11.23,22200,102.463501
2006-11-02,11.69,11.75,11.20,11.25,25000,102.645989
2006-11-01,12.04,12.190001,11.57,11.62,24600,106.021896
2006-10-31,12.40,12.40,11.909999,11.98,29800,109.306572
2006-10-30,12.280001,12.469999,12.11,12.43,31500,113.412407
2006-10-27,12.56,12.56,12.280001,12.36,19100,112.77372
2006-10-26,12.26,12.730001,12.02,12.55,31000,114.507301
2006-10-25,12.13,12.26,12.00,12.26,11600,111.861313
2006-10-24,12.04,12.12,11.909999,12.08,22600,110.218979
2006-10-23,11.98,12.05,11.80,12.04,20600,109.854012
2006-10-20,12.10,12.139999,11.75,12.09,17600,110.310219
2006-10-19,12.07,12.09,11.960001,12.09,14100,110.310219
2006-10-18,11.75,12.07,11.75,12.06,31800,110.036499
2006-10-17,11.74,11.929999,11.69,11.76,24200,107.299271
2006-10-16,11.60,11.919999,11.55,11.85,28000,108.120438
2006-10-13,11.25,11.65,11.25,11.59,37700,105.748177
2006-10-12,11.00,11.28,10.95,11.22,33200,102.372261
2006-10-11,11.05,11.089999,10.89,11.00,38100,100.36496
2006-10-10,10.25,11.75,10.15,11.16,191600,101.824822
2006-10-09,10.549999,10.64,10.22,10.24,63500,93.430657
2006-10-06,10.49,10.539999,10.35,10.50,14500,95.802918
2006-10-05,10.46,10.65,10.37,10.559999,26100,96.350357
2006-10-04,10.17,10.549999,9.96,10.50,32400,95.802918
2006-10-03,10.32,10.36,10.04,10.16,16500,92.700729
2006-10-02,10.38,10.539999,10.27,10.38,31800,94.708031
2006-09-29,10.29,10.549999,10.14,10.35,21100,94.434311
2006-09-28,10.37,10.43,10.15,10.25,32600,93.521896
2006-09-27,10.50,10.529999,10.30,10.37,21800,94.616791
2006-09-26,10.29,10.65,10.28,10.49,26900,95.711678
2006-09-25,10.04,10.42,10.04,10.22,22500,93.248177
2006-09-22,10.25,10.46,10.000001,10.04,33900,91.605843
2006-09-21,10.13,10.38,9.87,10.26,46200,93.613136
2006-09-20,10.06,10.31,10.010001,10.16,31400,92.700729
2006-09-19,9.95,10.14,9.59,10.04,120400,91.605843
2006-09-18,10.70,10.94,9.94,9.990001,292000,91.149643
2006-09-15,11.24,11.31,10.62,10.71,98300,97.718979
2006-09-14,11.63,11.77,11.009999,11.16,18400,101.824822
2006-09-13,11.23,11.85,11.23,11.72,28300,106.934311
2006-09-12,10.68,11.360001,10.549999,11.27,31200,102.828468
2006-09-11,10.74,10.76,10.50,10.64,16200,97.080292
2006-09-08,10.539999,10.820001,10.37,10.75,13700,98.083939
2006-09-07,10.50,10.68,10.28,10.549999,18800,96.259117
2006-09-06,10.75,10.75,10.50,10.539999,23100,96.167877
2006-09-05,10.820001,10.87,10.70,10.779999,16400,98.357658
2006-09-01,11.140001,11.140001,10.790001,10.86,21300,99.087593
2006-08-31,11.28,11.50,11.03,11.129999,51000,101.551087
2006-08-30,10.97,11.54,10.97,11.18,31400,102.007301
2006-08-29,10.74,11.18,10.66,10.99,51000,100.27372
2006-08-28,10.800001,10.85,10.549999,10.70,33800,97.627739
2006-08-25,11.19,11.24,10.85,10.95,25300,99.90876
2006-08-24,11.50,11.50,11.20,11.24,22900,102.554741
2006-08-23,11.50,11.710001,10.89,11.53,113800,105.200729
2006-08-22,10.549999,11.50,10.39,11.50,83000,104.92701
2006-08-21,10.10,10.580001,10.05,10.51,35900,95.894157
2006-08-18,9.66,10.23,9.409999,10.11,49700,92.24453
2006-08-17,8.90,9.68,8.87,9.60,28800,87.59124
2006-08-16,8.92,8.98,8.72,8.91,25200,81.295624
2006-08-15,9.10,9.10,8.79,8.91,23100,81.295624
2006-08-14,9.34,9.430001,8.94,8.970001,24500,81.843071
2006-08-11,9.440001,9.65,9.29,9.30,17500,84.854012
2006-08-10,9.979999,10.07,9.25,9.55,89400,87.13504
2006-08-09,9.00,9.399999,8.89,9.00,61400,82.116791
2006-08-08,8.379999,8.95,8.379999,8.86,31100,80.839417
2006-08-07,8.44,8.44,8.15,8.32,14000,75.912407
2006-08-04,8.53,8.66,8.16,8.32,10800,75.912407
2006-08-03,8.620001,8.81,8.349999,8.42,19600,76.824822
2006-08-02,8.359999,8.70,8.29,8.70,38500,79.379562
2006-08-01,8.49,8.55,8.15,8.26,32800,75.36496
2006-07-31,8.59,8.75,8.359999,8.55,21100,78.010948
2006-07-28,8.90,9.06,8.69,8.86,16500,80.839417
2006-07-27,9.179999,9.179999,8.79,8.82,15300,80.474449
2006-07-26,9.09,9.399999,9.09,9.13,9700,83.302918
2006-07-25,9.24,9.48,9.10,9.179999,13500,83.759117
2006-07-24,9.11,9.420001,9.11,9.27,13100,84.580292
2006-07-21,9.26,9.35,8.970001,9.10,24500,83.029198
2006-07-20,9.220001,9.31,9.06,9.27,28600,84.580292
2006-07-19,8.73,9.189999,8.650001,9.179999,25400,83.759117
2006-07-18,8.30,8.74,8.14,8.69,49100,79.288323
2006-07-17,8.56,8.620001,8.15,8.170001,28700,74.5438
2006-07-14,9.169999,9.27,8.599999,8.599999,58500,78.467148
2006-07-13,9.430001,9.430001,9.12,9.200001,31400,83.941612
2006-07-12,9.66,9.729999,9.52,9.60,25400,87.59124
2006-07-11,9.70,9.719999,9.409999,9.70,36600,88.503647
2006-07-10,9.969999,9.979999,9.59,9.739999,22900,88.868607
2006-07-07,10.05,10.05,9.90,9.93,16900,90.602188
2006-07-06,10.39,10.41,10.04,10.09,22500,92.062042
2006-07-05,10.769999,10.769999,10.48,10.539999,19600,96.167877
2006-07-03,10.800001,10.90,10.70,10.800001,12400,98.540154
2006-06-30,10.51,10.85,10.38,10.790001,92700,98.448914
2006-06-29,10.010001,10.48,10.000001,10.42,27800,95.07299
2006-06-28,9.93,10.000001,9.739999,9.96,15200,90.875908
2006-06-27,10.09,10.340001,9.84,9.87,27000,90.054741
2006-06-26,9.71,10.19,9.71,10.010001,23500,91.332123
2006-06-23,9.49,9.83,9.26,9.67,36200,88.229927
2006-06-22,9.55,9.58,9.38,9.48,39000,86.496353
2006-06-21,9.38,9.80,9.28,9.60,22700,87.59124
2006-06-20,9.49,9.540001,9.33,9.399999,19100,85.766419
2006-06-19,9.83,9.83,9.35,9.460001,26500,86.313873
2006-06-16,9.200001,10.08,9.09,9.83,71600,89.689781
2006-06-15,9.04,9.420001,8.99,9.200001,33300,83.941612
2006-06-14,9.11,9.460001,8.88,8.98,42500,81.934311
2006-06-13,9.34,9.53,8.94,9.13,34500,83.302918
2006-06-12,9.63,9.65,9.27,9.39,36400,85.675179
2006-06-09,9.10,9.90,9.09,9.639999,87300,87.9562
2006-06-08,9.15,9.460001,8.76,9.00,40300,82.116791
2006-06-07,9.440001,9.639999,9.04,9.15,31600,83.485397
2006-06-06,9.93,9.979999,9.210001,9.450001,32600,86.222633
2006-06-05,10.05,10.29,9.81,9.87,23100,90.054741
2006-06-02,9.969999,10.24,9.759999,10.11,22500,92.24453
2006-06-01,9.82,10.10,9.67,9.93,37100,90.602188
2006-05-31,9.86,10.000001,9.59,9.81,20700,89.507301
2006-05-30,10.340001,10.340001,9.80,9.80,22100,89.416061
2006-05-26,9.85,10.40,9.85,10.35,23300,94.434311
2006-05-25,10.18,10.45,9.83,9.90,24300,90.328468
2006-05-24,10.06,10.33,9.96,10.07,23000,91.879562
2006-05-23,10.66,10.90,9.979999,10.05,16000,91.697083
2006-05-22,10.820001,11.05,10.25,10.61,16600,96.806572
2006-05-19,10.76,11.18,10.63,10.90,16100,99.452553
2006-05-18,10.44,11.24,10.44,10.75,29500,98.083939
2006-05-17,10.590001,10.90,10.24,10.25,16300,93.521896
2006-05-16,10.85,11.00,10.44,10.570001,26400,96.441612
2006-05-15,10.50,10.86,10.50,10.779999,27800,98.357658
2006-05-12,10.24,10.75,10.10,10.559999,31400,96.350357
2006-05-11,10.90,10.90,10.10,10.30,23500,93.978104
2006-05-10,10.000001,11.00,9.70,10.84,58700,98.905113
2006-05-09,11.16,11.17,10.49,10.590001,21800,96.624092
2006-05-08,11.370001,11.62,10.570001,11.089999,14400,101.186127
2006-05-05,11.47,11.579999,11.26,11.33,25800,103.375908
2006-05-04,11.119999,11.55,11.119999,11.49,21400,104.83577
2006-05-03,12.01,12.01,11.00,11.20,51800,102.189781
2006-05-02,11.960001,12.06,11.85,11.950001,33600,109.032852
2006-05-01,11.929999,12.160001,11.64,12.00,26300,109.489052
2006-04-28,11.78,11.88,11.67,11.84,15800,108.029198
2006-04-27,11.76,11.98,11.62,11.87,15300,108.302918
2006-04-26,11.67,11.88,11.62,11.85,20100,108.120438
2006-04-25,11.80,12.01,11.66,11.73,16500,107.025551
2006-04-24,11.89,12.00,11.70,11.83,45500,107.937958
2006-04-21,11.99,12.35,11.76,11.950001,21700,109.032852
2006-04-20,12.00,12.12,11.80,11.89,18800,108.485397
2006-04-19,12.07,12.24,11.97,12.05,30000,109.945259
2006-04-18,11.80,12.43,11.710001,12.149999,30200,110.857658
2006-04-17,11.45,12.45,11.20,11.83,34300,107.937958
2006-04-13,11.75,11.75,11.370001,11.50,24100,104.92701
2006-04-12,11.79,11.88,11.56,11.82,34500,107.846718
2006-04-11,11.899999,12.07,11.73,11.82,30400,107.846718
2006-04-10,11.43,12.200001,11.390001,11.960001,41600,109.124092
2006-04-07,11.62,11.710001,11.45,11.47,28900,104.653282
2006-04-06,11.899999,12.00,11.56,11.67,29200,106.478104
2006-04-05,12.24,12.25,11.75,11.98,46400,109.306572
2006-04-04,12.160001,12.41,12.10,12.180001,29900,111.131394
2006-04-03,12.53,12.57,11.929999,12.22,36000,111.496353
2006-03-31,12.489999,12.66,12.40,12.61,18800,115.054741
2006-03-30,12.41,12.66,12.25,12.53,17700,114.324822
2006-03-29,12.88,12.90,11.98,12.34,55800,112.59124
2006-03-28,13.16,13.35,12.81,12.92,23700,117.883209
2006-03-27,13.859999,13.859999,13.05,13.23,28000,120.711678
2006-03-24,13.530001,13.81,13.509999,13.79,10900,125.821167
2006-03-23,13.68,13.68,13.35,13.46,21300,122.810219
2006-03-22,13.299999,13.77,13.15,13.64,26500,124.452553
2006-03-21,13.570001,13.72,13.15,13.23,22300,120.711678
2006-03-20,13.92,14.330001,13.68,13.880001,43000,126.642342
2006-03-17,13.45,13.98,13.37,13.829999,58600,126.186127
2006-03-16,12.81,13.79,12.81,13.37,52100,121.989052
2006-03-15,12.87,13.00,12.57,12.84,29000,117.153282
2006-03-14,12.709999,12.80,12.53,12.78,13200,116.605843
2006-03-13,12.730001,13.00,12.67,12.740001,14300,116.240883
2006-03-10,12.83,12.85,12.149999,12.78,60600,116.605843
2006-03-09,12.85,12.90,12.510001,12.750001,26700,116.332123
2006-03-08,12.750001,13.03,12.45,12.81,27600,116.879562
2006-03-07,12.68,12.80,12.26,12.760001,51600,116.423363
2006-03-06,12.99,13.25,12.70,12.750001,39700,116.332123
2006-03-03,12.97,13.04,12.82,12.90,24900,117.700729
2006-03-02,13.37,13.42,12.730001,13.00,41500,118.613136
2006-03-01,13.23,13.63,13.09,13.330001,64000,121.624092
2006-02-28,13.47,13.650001,12.91,13.23,69000,120.711678
2006-02-27,13.570001,14.23,13.34,13.58,61000,123.905113
2006-02-24,12.13,13.849999,11.52,13.570001,286200,123.813873
2006-02-23,12.05,12.59,11.65,12.35,96500,112.68248
2006-02-22,12.10,12.200001,11.940001,12.03,31800,109.762772
2006-02-21,12.00,12.190001,11.61,12.06,38500,110.036499
2006-02-17,12.27,12.42,11.99,12.04,22600,109.854012
2006-02-16,12.170001,12.34,12.10,12.180001,28300,111.131394
2006-02-15,12.04,12.35,12.01,12.180001,38000,111.131394
2006-02-14,12.04,12.42,12.01,12.40,31500,113.138687
2006-02-13,12.01,12.22,11.98,12.00,15400,109.489052
2006-02-10,12.479999,12.479999,11.82,12.00,37800,109.489052
2006-02-09,12.07,12.740001,12.07,12.23,37300,111.587593
2006-02-08,12.98,13.04,12.00,12.35,43800,112.68248
2006-02-07,12.45,13.73,12.45,12.85,55400,117.24453
2006-02-06,13.00,13.10,12.34,12.54,49800,114.416061
2006-02-03,13.12,13.24,12.85,12.87,22700,117.42701
2006-02-02,13.03,13.849999,12.56,12.99,90400,118.521896
2006-02-01,12.88,13.00,12.30,12.80,44600,116.788323
2006-01-31,13.40,13.40,12.760001,12.88,36900,117.51825
2006-01-30,13.50,13.50,12.97,13.19,46100,120.346718
2006-01-27,13.829999,13.90,12.83,13.24,140500,120.802918
2006-01-26,14.00,14.50,13.63,14.00,45200,127.737228
2006-01-25,14.030001,14.649999,13.80,14.120001,34300,128.832123
2006-01-24,14.560001,15.100001,13.560001,14.030001,50000,128.010956
2006-01-23,14.529999,15.80,14.25,14.669999,150000,133.850357
2006-01-20,13.829999,14.95,13.50,14.489999,102000,132.208023
2006-01-19,13.00,15.080001,12.91,13.73,222000,125.27372
2006-01-18,11.43,13.550001,11.40,13.35,145400,121.806572
2006-01-17,11.87,12.03,11.380001,11.63,56900,106.113136
2006-01-13,10.63,12.37,10.37,12.01,135400,109.580292
2006-01-12,9.55,10.549999,9.52,10.27,59400,93.704376
2006-01-11,9.200001,9.67,9.03,9.47,36300,86.405113
2006-01-10,9.200001,9.25,9.06,9.15,25500,83.485397
2006-01-09,9.03,9.23,8.81,9.220001,32400,84.124092
2006-01-06,9.10,9.189999,8.85,8.96,17600,81.751823
2006-01-05,8.86,9.189999,8.70,8.99,24600,82.025551
2006-01-04,9.02,9.09,8.70,8.77,25700,80.01825
2006-01-03,8.99,9.14,8.630001,9.09,12400,82.937958
2005-12-30,8.86,9.02,8.54,8.599999,11900,78.467148
2005-12-29,9.04,9.04,8.640001,8.90,10900,81.204376
2005-12-28,9.189999,9.25,9.05,9.11,35100,83.120438
2005-12-27,8.83,9.56,8.389999,9.04,41900,82.481751
2005-12-23,8.48,8.99,8.369999,8.75,20200,79.83577
2005-12-22,8.20,8.56,8.15,8.400001,23000,76.642342
2005-12-21,8.080001,8.349999,7.87,8.11,23400,73.996353
2005-12-20,8.90,8.95,8.00,8.00,56500,72.992699
2005-12-19,7.07,9.399999,7.07,8.75,121600,79.83577
2005-12-16,7.15,7.18,6.95,7.05,14700,64.324822
2005-12-15,7.34,7.39,7.040001,7.09,6700,64.689781
2005-12-14,7.32,7.45,7.250001,7.40,9400,67.51825
2005-12-13,7.469999,7.55,7.260001,7.37,12400,67.24453
2005-12-12,7.840001,7.840001,7.35,7.469999,11600,68.156929
2005-12-09,7.59,8.11,7.51,7.78,14900,70.985397
2005-12-08,7.32,7.56,7.280001,7.56,12300,68.978104
2005-12-07,7.32,7.40,7.10,7.229999,12800,65.967148
2005-12-06,7.18,7.30,7.15,7.280001,12300,66.423363
2005-12-05,7.10,7.239999,7.00,7.20,5200,65.693428
2005-12-02,7.10,7.239999,7.01,7.15,4900,65.237228
2005-12-01,7.01,7.270001,7.00,7.10,11200,64.781021
2005-11-30,7.21,7.21,7.019999,7.06,2900,64.416061
2005-11-29,7.08,7.30,6.899999,7.15,11100,65.237228
2005-11-28,7.250001,7.30,6.93,6.98,6900,63.686131
2005-11-25,7.30,7.33,7.18,7.239999,1900,66.058388
2005-11-23,7.20,7.30,7.20,7.280001,4200,66.423363
2005-11-22,7.250001,7.31,6.96,7.15,12900,65.237228
2005-11-21,6.899999,7.16,6.64,7.10,8400,64.781021
2005-11-18,6.340001,6.99,6.15,6.86,14000,62.59124
2005-11-17,6.07,6.30,5.85,6.25,13700,57.025551
2005-11-16,5.93,5.93,5.72,5.83,9400,53.193432
2005-11-15,6.08,6.16,5.82,5.93,15500,54.105839
2005-11-14,6.19,6.39,5.95,6.03,30100,55.01825
2005-11-11,6.01,6.24,5.57,6.099999,71300,55.656929
2005-11-10,7.01,7.19,6.60,6.95,9700,63.412411
2005-11-09,7.09,7.229999,6.97,7.08,3800,64.598541
2005-11-08,7.15,7.15,7.019999,7.05,1900,64.324822
2005-11-07,7.19,7.21,7.00,7.14,5500,65.145989
2005-11-04,6.94,7.280001,6.82,6.94,5300,63.321171
2005-11-03,6.65,7.040001,6.65,6.910001,8900,63.047451
2005-11-02,6.76,6.899999,6.51,6.71,16000,61.22263
2005-11-01,7.10,7.20,6.50,6.71,34800,61.22263
2005-10-31,7.19,7.260001,7.05,7.10,6000,64.781021
2005-10-28,7.18,7.30,7.01,7.11,5500,64.872261
2005-10-27,7.20,7.37,7.09,7.09,5800,64.689781
2005-10-26,7.35,7.41,7.18,7.270001,8400,66.332123
2005-10-25,7.32,7.39,7.12,7.35,6500,67.062042
2005-10-24,7.14,7.45,7.01,7.39,7500,67.42701
2005-10-21,7.10,7.40,6.94,7.019999,6600,64.051086
2005-10-20,7.32,7.36,7.040001,7.08,2500,64.598541
2005-10-19,7.229999,7.469999,7.019999,7.39,5200,67.42701
2005-10-18,7.15,7.20,7.01,7.09,3100,64.689781
2005-10-17,7.06,7.13,7.01,7.13,3100,65.054741
2005-10-14,7.31,7.31,7.07,7.13,9000,65.054741
2005-10-13,7.17,7.30,7.06,7.15,8900,65.237228
2005-10-12,7.32,7.44,7.05,7.19,20200,65.602188
2005-10-11,7.49,7.77,7.34,7.34,7600,66.970802
2005-10-10,7.56,7.56,7.260001,7.42,2000,67.700729
2005-10-07,7.51,7.74,7.250001,7.48,50900,68.248177
2005-10-06,7.36,7.469999,7.05,7.14,7000,65.145989
2005-10-05,7.72,7.89,7.250001,7.29,5000,66.514603
2005-10-04,7.64,8.00,7.64,7.76,5800,70.802918
2005-10-03,7.51,7.86,7.270001,7.70,9000,70.25547
2005-09-30,7.53,7.56,7.280001,7.41,6400,67.609489
2005-09-29,7.54,7.58,7.19,7.42,10800,67.700729
2005-09-28,8.10,8.23,7.54,7.62,8600,69.525551
2005-09-27,8.01,8.080001,7.830001,8.039999,6500,73.357658
2005-09-26,8.050001,8.24,7.809999,7.97,7500,72.718979
2005-09-23,7.69,8.00,7.56,7.95,5100,72.536499
2005-09-22,7.91,7.91,7.77,7.809999,13500,71.259117
2005-09-21,8.20,8.20,7.77,7.850001,12400,71.624092
2005-09-20,8.15,8.379999,8.090001,8.20,9000,74.81752
2005-09-19,8.599999,8.68,8.01,8.090001,15300,73.813873
2005-09-16,8.15,8.640001,8.080001,8.52,15200,77.737228
2005-09-15,8.48,8.48,8.050001,8.070001,5400,73.631393
2005-09-14,8.50,8.83,8.26,8.369999,10500,76.368607
2005-09-13,8.90,8.95,8.47,8.50,6100,77.554741
2005-09-12,8.839999,9.10,8.80,9.00,10300,82.116791
2005-09-09,8.609999,8.92,8.609999,8.78,12200,80.10949
2005-09-08,8.22,8.58,8.10,8.58,7400,78.284668
2005-09-07,8.170001,8.19,8.039999,8.19,9900,74.72628
2005-09-06,8.15,8.51,8.10,8.170001,6600,74.5438
2005-09-02,8.50,8.54,8.12,8.15,8300,74.361313
2005-09-01,8.599999,8.599999,8.43,8.50,4800,77.554741
2005-08-31,8.369999,8.74,8.32,8.57,8500,78.193428
2005-08-30,8.599999,8.650001,8.349999,8.46,5600,77.189781
2005-08-29,8.599999,8.620001,8.45,8.620001,7100,78.649643
2005-08-26,8.609999,8.75,8.400001,8.55,7400,78.010948
2005-08-25,8.630001,8.69,8.51,8.57,5900,78.193428
2005-08-24,8.599999,8.80,8.51,8.52,5400,77.737228
2005-08-23,8.650001,8.650001,8.349999,8.599999,8500,78.467148
2005-08-22,8.49,8.70,8.01,8.58,11800,78.284668
2005-08-19,8.49,8.50,8.34,8.349999,15400,76.186127
2005-08-18,8.71,8.96,8.48,8.50,10800,77.554741
2005-08-17,8.90,8.90,8.55,8.609999,11900,78.558388
2005-08-16,9.37,9.37,8.67,8.88,30700,81.021896
2005-08-15,9.12,9.39,9.09,9.179999,22200,83.759117
2005-08-12,8.01,9.10,8.01,9.08,76900,82.846718
2005-08-11,8.90,9.39,8.81,9.08,14000,82.846718
2005-08-10,9.10,9.10,8.650001,8.78,8300,80.10949
2005-08-09,9.10,9.220001,8.94,9.00,9900,82.116791
2005-08-08,9.30,9.37,9.00,9.04,12100,82.481751
2005-08-05,10.13,10.13,9.01,9.32,8800,85.036499
2005-08-04,9.94,10.020001,9.33,9.50,8100,86.678833
2005-08-03,9.94,10.000001,9.85,9.93,5900,90.602188
2005-08-02,9.85,10.15,9.780001,10.010001,14200,91.332123
2005-08-01,10.15,10.30,9.85,9.85,13100,89.872261
2005-07-29,10.24,10.24,9.87,10.15,23800,92.60949
2005-07-28,9.55,10.41,9.52,10.13,35100,92.42701
2005-07-27,8.98,9.58,8.98,9.53,29900,86.952553
2005-07-26,8.85,9.11,8.839999,9.03,40700,82.390511
2005-07-25,8.50,8.89,8.49,8.71,19100,79.470802
2005-07-22,8.55,8.630001,8.12,8.54,6900,77.919708
2005-07-21,8.400001,8.75,8.369999,8.45,13800,77.098541
2005-07-20,8.10,8.389999,8.10,8.349999,3300,76.186127
2005-07-19,8.45,8.70,8.070001,8.10,8100,73.905113
2005-07-18,8.44,8.45,8.349999,8.44,4800,77.007301
2005-07-15,8.379999,8.50,8.33,8.379999,6900,76.459847
2005-07-14,8.43,8.50,8.33,8.45,9600,77.098541
2005-07-13,8.30,8.45,8.30,8.31,19200,75.821167
2005-07-12,8.400001,8.50,8.29,8.359999,13200,76.277367
2005-07-11,8.45,8.50,8.30,8.400001,7000,76.642342
2005-07-08,8.349999,8.47,8.170001,8.43,11600,76.916061
2005-07-07,8.22,8.29,8.01,8.29,5800,75.638687
2005-07-06,8.25,8.47,8.12,8.20,18700,74.81752
2005-07-05,7.98,8.50,7.98,8.30,15600,75.729927
2005-07-01,8.10,8.15,7.97,7.98,8200,72.810219
2005-06-30,8.170001,8.170001,7.96,8.01,8200,73.083939
2005-06-29,8.00,8.10,7.95,8.090001,11700,73.813873
2005-06-28,7.93,8.10,7.809999,8.070001,11100,73.631393
2005-06-27,7.91,7.97,7.799999,7.830001,4900,71.441612
2005-06-24,8.01,8.13,7.90,7.90,45500,72.080292
2005-06-23,8.039999,8.039999,7.92,7.97,18300,72.718979
2005-06-22,7.70,8.00,7.70,7.98,8800,72.810219
2005-06-21,7.75,7.819999,7.51,7.799999,12100,71.167877
2005-06-20,7.93,7.93,7.67,7.71,11300,70.346718
2005-06-17,7.799999,7.90,7.799999,7.850001,7600,71.624092
2005-06-16,7.850001,7.90,7.600001,7.799999,13100,71.167877
2005-06-15,7.95,7.97,7.799999,7.850001,21500,71.624092
2005-06-14,7.850001,7.93,7.799999,7.90,5300,72.080292
2005-06-13,7.38,7.850001,7.34,7.69,9500,70.16423
2005-06-10,7.20,7.31,7.11,7.280001,2600,66.423363
2005-06-09,7.15,7.20,7.12,7.17,2000,65.419708
2005-06-08,6.99,7.20,6.95,7.16,3800,65.328468
2005-06-07,6.95,7.040001,6.85,6.98,2900,63.686131
2005-06-06,7.09,7.830001,6.89,6.95,7400,63.412411
2005-06-03,7.55,7.59,6.99,6.99,10600,63.777371
2005-06-02,7.62,7.72,7.55,7.56,2600,68.978104
2005-06-01,8.02,8.02,7.55,7.71,5300,70.346718
2005-05-31,7.76,7.90,7.75,7.850001,4400,71.624092
2005-05-27,7.97,7.97,7.819999,7.819999,4700,71.350357
2005-05-26,7.98,8.00,7.92,7.95,3000,72.536499
2005-05-25,8.02,8.029999,7.92,8.00,2500,72.992699
2005-05-24,7.93,8.00,7.86,7.92,3100,72.262772
2005-05-23,7.98,7.99,7.92,7.95,10600,72.536499
2005-05-20,8.050001,8.070001,7.91,7.93,3600,72.354012
2005-05-19,8.050001,8.070001,7.90,7.99,3800,72.901459
2005-05-18,8.039999,8.14,7.90,8.00,6200,72.992699
2005-05-17,7.51,8.01,7.51,8.00,3800,72.992699
2005-05-16,7.99,7.99,7.45,7.54,6100,68.795624
2005-05-13,7.93,8.039999,7.77,7.850001,7100,71.624092
2005-05-12,8.00,8.050001,7.57,8.029999,8200,73.266419
2005-05-11,7.99,8.00,7.850001,7.99,6000,72.901459
2005-05-10,8.050001,8.050001,7.850001,7.97,5800,72.718979
2005-05-09,8.170001,8.26,8.00,8.050001,3100,73.448914
2005-05-06,8.11,8.11,7.36,8.00,15300,72.992699
2005-05-05,7.799999,8.11,7.799999,8.050001,29500,73.448914
2005-05-04,7.78,7.78,7.62,7.65,8300,69.799271
2005-05-03,7.32,7.789999,7.32,7.61,8600,69.434311
2005-05-02,7.08,7.32,7.08,7.270001,6500,66.332123
2005-04-29,6.85,7.00,6.800001,6.95,4000,63.412411
2005-04-28,6.350001,6.95,6.350001,6.60,7200,60.218979
2005-04-27,6.53,6.53,6.45,6.50,2400,59.306568
2005-04-26,6.58,6.58,6.41,6.45,3000,58.850361
2005-04-25,6.29,6.60,6.29,6.48,4400,59.124088
2005-04-22,6.65,6.75,6.00,6.08,4400,55.474449
2005-04-21,6.26,6.75,6.17,6.52,3200,59.489052
2005-04-20,6.51,7.07,6.25,6.26,3600,57.116791
2005-04-19,6.20,7.16,6.099999,6.40,3800,58.394161
2005-04-18,6.13,6.21,6.06,6.15,2800,56.11314
2005-04-15,6.18,6.25,6.00,6.14,4600,56.0219
2005-04-14,6.350001,6.50,6.20,6.20,2500,56.56934
2005-04-13,6.920001,6.920001,6.33,6.48,5400,59.124088
2005-04-12,6.680001,6.82,6.62,6.82,3800,62.22628
2005-04-11,7.06,7.06,6.43,6.61,12200,60.310219
2005-04-08,7.55,7.55,7.00,7.030001,8900,64.142342
2005-04-07,7.850001,7.850001,7.469999,7.51,3200,68.521896
2005-04-06,7.74,7.75,7.54,7.72,4900,70.437958
2005-04-05,7.65,7.70,7.59,7.61,4600,69.434311
2005-04-04,7.64,7.65,7.52,7.56,4100,68.978104
2005-04-01,7.819999,7.97,7.600001,7.68,2900,70.07299
2005-03-31,7.74,7.75,7.61,7.75,5800,70.711678
2005-03-30,7.45,7.819999,7.45,7.809999,3800,71.259117
2005-03-29,7.76,7.76,7.54,7.62,4400,69.525551
2005-03-28,7.90,7.90,7.50,7.67,3900,69.981751
2005-03-24,7.840001,7.89,7.70,7.75,2500,70.711678
2005-03-23,7.46,7.799999,7.46,7.62,4300,69.525551
2005-03-22,7.600001,8.00,7.600001,7.61,5400,69.434311
2005-03-21,8.02,8.25,7.600001,7.74,3000,70.620438
2005-03-18,8.11,8.14,7.809999,8.02,5100,73.175179
2005-03-17,8.22,8.410001,8.00,8.00,2900,72.992699
2005-03-16,8.00,8.12,8.00,8.050001,3000,73.448914
2005-03-15,8.34,8.34,8.01,8.029999,4700,73.266419
2005-03-14,8.00,8.19,7.90,8.170001,5800,74.5438
2005-03-11,7.55,8.029999,7.55,8.00,6300,72.992699
2005-03-10,8.10,8.13,7.55,7.62,11300,69.525551
2005-03-09,8.00,8.75,7.819999,8.19,8900,74.72628
2005-03-08,8.50,8.55,8.070001,8.18,6600,74.63504
2005-03-07,8.57,9.10,8.349999,8.609999,9300,78.558388
2005-03-04,8.99,8.99,8.56,8.68,3800,79.197083
2005-03-03,8.91,9.08,8.75,8.79,3800,80.200729
2005-03-02,9.15,9.25,8.90,9.00,4700,82.116791
2005-03-01,9.50,9.50,9.10,9.15,5400,83.485397
2005-02-28,9.749999,9.749999,9.34,9.34,7300,85.218979
2005-02-25,9.80,9.80,9.65,9.770001,5800,89.142342
2005-02-24,9.80,9.80,9.65,9.80,11500,89.416061
2005-02-23,10.20,10.20,9.639999,9.749999,31400,88.959847
2005-02-22,10.09,10.19,9.80,10.06,8300,91.788323
2005-02-18,9.95,10.11,9.95,10.09,8600,92.062042
2005-02-17,9.990001,10.20,9.80,10.12,13900,92.33577
2005-02-16,9.90,10.05,9.90,9.990001,15100,91.149643
2005-02-15,9.60,9.86,9.49,9.86,8600,89.963501
2005-02-14,9.80,9.85,9.450001,9.60,8700,87.59124
2005-02-11,9.30,9.639999,9.30,9.55,15700,87.13504
2005-02-10,9.169999,9.37,9.15,9.28,9600,84.671532
2005-02-09,9.39,9.39,9.14,9.189999,24000,83.850357
2005-02-08,9.50,9.50,9.03,9.15,39700,83.485397
2005-02-07,9.450001,10.000001,9.450001,9.94,5200,90.693428
2005-02-04,9.409999,9.82,9.399999,9.69,6000,88.412407
2005-02-03,9.50,9.61,9.26,9.409999,3600,85.857658
2005-02-02,9.210001,9.639999,9.210001,9.50,5100,86.678833
2005-02-01,9.50,9.50,9.169999,9.420001,2800,85.948914
2005-01-31,9.56,9.729999,9.25,9.36,3500,85.401459
2005-01-28,9.420001,9.56,9.24,9.24,3000,84.306572
2005-01-27,9.83,9.83,9.450001,9.48,4600,86.496353
2005-01-26,9.83,9.83,9.50,9.56,3300,87.22628
2005-01-25,9.48,9.90,9.48,9.729999,4300,88.777367
2005-01-24,9.90,9.90,9.50,9.56,7000,87.22628
2005-01-21,10.63,10.63,9.69,9.90,11500,90.328468
2005-01-20,9.50,10.70,9.50,10.43,11500,95.16423
2005-01-19,9.70,9.82,9.50,9.62,5300,87.77372
2005-01-18,9.70,9.70,9.540001,9.639999,3200,87.9562
2005-01-14,9.85,9.85,9.420001,9.639999,8900,87.9562
2005-01-13,9.399999,9.71,9.399999,9.71,12600,88.594887
2005-01-12,9.60,9.729999,9.430001,9.61,8600,87.68248
2005-01-11,9.36,9.80,9.36,9.460001,26500,86.313873
2005-01-10,9.37,9.79,9.33,9.70,8400,88.503647
2005-01-07,9.55,9.69,9.169999,9.69,5100,88.412407
2005-01-06,9.32,9.48,9.29,9.48,1500,86.496353
2005-01-05,9.85,9.85,9.32,9.38,5600,85.583939
2005-01-04,9.87,9.87,9.50,9.639999,5600,87.9562
2005-01-03,10.000001,10.000001,9.50,9.50,6600,86.678833
2004-12-31,9.91,10.000001,9.69,9.83,4700,89.689781
2004-12-30,9.729999,10.000001,9.65,9.90,3200,90.328468
2004-12-29,9.55,9.719999,9.55,9.67,2000,88.229927
2004-12-28,9.719999,9.80,9.65,9.729999,4000,88.777367
2004-12-27,9.90,9.96,9.71,9.90,3700,90.328468
2004-12-23,9.990001,9.990001,9.71,9.83,2700,89.689781
2004-12-22,10.17,10.17,9.729999,9.969999,3500,90.967148
2004-12-21,10.18,10.18,9.70,9.90,6700,90.328468
2004-12-20,9.80,10.000001,9.749999,9.92,2500,90.510948
2004-12-17,9.85,10.15,9.80,10.08,4700,91.970802
2004-12-16,10.20,10.20,9.87,10.000001,7000,91.240883
2004-12-15,9.50,10.19,9.50,9.95,7200,90.784668
2004-12-14,10.000001,10.000001,9.759999,9.990001,4000,91.149643
2004-12-13,9.96,10.46,9.60,10.11,7700,92.24453
2004-12-10,9.86,9.86,9.28,9.85,3800,89.872261
2004-12-09,9.23,9.729999,9.200001,9.66,3200,88.138687
2004-12-08,9.60,9.60,9.23,9.409999,4900,85.857658
2004-12-07,10.020001,10.020001,9.47,9.57,5400,87.31752
2004-12-06,9.80,9.83,9.49,9.83,5000,89.689781
2004-12-03,9.90,9.990001,9.50,9.66,4400,88.138687
2004-12-02,9.53,9.95,9.53,9.83,9900,89.689781
2004-12-01,9.80,10.000001,9.60,9.62,8600,87.77372
2004-11-30,9.88,10.000001,9.61,9.749999,4900,88.959847
2004-11-29,10.19,10.20,9.62,9.85,9400,89.872261
2004-11-26,10.48,10.63,9.86,10.20,4300,93.065689
2004-11-24,10.779999,10.95,9.96,10.48,9600,95.620438
2004-11-23,10.90,11.45,10.31,10.549999,21800,96.259117
2004-11-22,10.89,11.00,10.590001,10.89,8700,99.361313
2004-11-19,10.779999,11.20,10.39,10.769999,14600,98.266419
2004-11-18,10.50,10.94,9.979999,10.86,8000,99.087593
2004-11-17,10.15,10.84,9.86,10.46,24200,95.437958
2004-11-16,10.25,10.49,9.71,9.90,7700,90.328468
2004-11-15,10.52,10.52,10.000001,10.39,6700,94.799271
2004-11-12,10.45,10.95,10.04,10.50,16800,95.802918
2004-11-11,10.43,11.03,9.90,10.43,20200,95.16423
2004-11-10,10.43,10.44,9.89,10.28,6300,93.795624
2004-11-09,10.50,10.68,9.95,9.95,12300,90.784668
2004-11-08,9.81,10.50,9.61,10.48,17800,95.620438
2004-11-05,9.50,9.749999,9.220001,9.56,14600,87.22628
2004-11-04,9.210001,9.450001,9.03,9.200001,12000,83.941612
2004-11-03,9.189999,9.189999,8.99,9.02,3800,82.299271
2004-11-02,9.49,9.49,8.82,9.02,4900,82.299271
2004-11-01,9.60,9.60,8.92,9.13,9200,83.302918
2004-10-29,9.68,9.68,9.220001,9.37,8600,85.492699
2004-10-28,9.01,9.65,8.609999,9.55,8200,87.13504
2004-10-27,8.839999,9.09,8.59,9.09,6100,82.937958
2004-10-26,8.24,8.90,8.24,8.43,3800,76.916061
2004-10-25,8.95,8.95,8.20,8.44,3700,77.007301
2004-10-22,8.85,8.90,8.57,8.58,5500,78.284668
2004-10-21,8.76,8.93,8.50,8.77,5100,80.01825
2004-10-20,8.94,8.94,8.349999,8.85,7800,80.748177
2004-10-19,9.05,9.24,8.45,8.51,7600,77.645989
2004-10-18,8.78,8.95,8.599999,8.72,1700,79.562042
2004-10-15,8.78,8.96,8.630001,8.78,5300,80.10949
2004-10-14,8.70,9.00,8.609999,8.78,8300,80.10949
2004-10-13,8.52,8.70,8.410001,8.640001,3500,78.832123
2004-10-12,8.55,8.75,8.45,8.640001,3800,78.832123
2004-10-11,8.400001,8.640001,8.20,8.640001,10900,78.832123
2004-10-08,8.90,8.90,8.45,8.49,11100,77.463501
2004-10-07,9.639999,9.639999,8.75,8.93,11900,81.478104
2004-10-06,9.450001,10.000001,9.15,9.29,12600,84.762772
2004-10-05,9.450001,9.48,9.05,9.210001,11600,84.032852
2004-10-04,9.719999,9.91,9.31,9.39,12400,85.675179
2004-10-01,9.70,9.90,9.169999,9.50,27400,86.678833
2004-09-30,10.30,10.35,9.729999,9.739999,50700,88.868607
2004-09-29,10.830001,10.84,10.25,10.40,23800,94.890511
2004-09-28,10.340001,11.129999,10.20,10.529999,20600,96.076637
2004-09-27,10.24,10.41,9.95,10.11,15500,92.24453
2004-09-24,10.559999,10.87,9.90,10.000001,26900,91.240883
2004-09-23,11.929999,11.929999,9.85,10.559999,26800,96.350357
2004-09-22,11.75,11.85,11.22,11.54,12400,105.291969
2004-09-21,12.60,12.60,11.66,11.77,28600,107.390511
2004-09-20,12.00,12.67,11.390001,12.44,24400,113.503647
2004-09-17,12.06,12.200001,11.31,12.00,27100,109.489052
2004-09-16,10.60,12.190001,10.60,11.940001,35100,108.941612
2004-09-15,10.30,10.95,10.18,10.95,12100,99.90876
2004-09-14,10.790001,10.790001,10.05,10.49,15100,95.711678
2004-09-13,9.90,11.150001,9.80,10.70,13300,97.627739
2004-09-10,10.30,10.63,9.770001,9.90,12100,90.328468
2004-09-09,10.549999,10.95,10.30,10.35,5300,94.434311
2004-09-08,11.45,11.45,10.36,10.72,8400,97.810219
2004-09-07,11.940001,11.940001,10.20,10.85,22900,98.996353
2004-09-03,9.71,11.47,9.65,11.40,30000,104.014603
2004-09-02,9.30,9.60,9.01,9.60,23400,87.59124
2004-09-01,8.85,9.30,8.50,9.26,20400,84.489052
2004-08-31,8.10,8.599999,8.10,8.59,10500,78.375908
2004-08-30,7.98,8.20,7.90,8.10,6900,73.905113
2004-08-27,7.78,7.99,7.75,7.850001,3600,71.624092
2004-08-26,7.55,7.91,7.55,7.73,3700,70.529198
2004-08-25,7.76,7.76,7.29,7.51,10100,68.521896
2004-08-24,7.600001,7.72,7.56,7.56,6200,68.978104
2004-08-23,7.89,7.89,7.65,7.65,5500,69.799271
2004-08-20,8.01,8.01,7.67,7.67,12700,69.981751
2004-08-19,7.75,7.799999,7.600001,7.600001,16000,69.343071
2004-08-18,7.50,7.75,7.50,7.65,6900,69.799271
2004-08-17,7.67,7.67,7.50,7.50,5800,68.430656
2004-08-16,7.600001,7.600001,7.50,7.50,14600,68.430656
2004-08-13,8.00,8.00,7.49,7.50,16300,68.430656
2004-08-12,8.00,8.46,7.77,7.819999,166200,71.350357
